1 0 0 c 0 0 0 4 4 d 5 1 5 4 5 4 0 4 0 2 0 0 3 c 0 0 0 0
1 0 0 d 0 0 0 4 4 d 5 1 5 4 5 4 0 4 0 0 8 f 2 3 0 0 0 1 3 1
1 0 0 d 0 0 0 4 4 d 5 1 5 4 5 4 0 4 0 2 7 3 4 8 0 0 0 1 4 e
1 0 0 c 0 0 0 4 4 d 5 1 5 4 5 4 0 4 0 0 c 1 8 7 0 0 0 0
1 0 0 c 0 0 0 4 4 d 5 1 5 4 5 4 0 4 0 0 e 1 f e 0 0 0 0
1 0 0 d 0 0 0 4 4 d 5 1 5 4 5 4 0 4 0 0 8 6 8 c 0 0 0 1 7 6
1 0 0 c 0 0 0 4 4 d 5 1 5 4 5 4 0 4 0 2 0 0 0 c 0 0 0 0
1 0 0 d 0 0 0 4 4 d 5 1 5 4 5 4 0 4 0 2 8 9 c a 0 0 0 1 3 8
1 0 0 d 0 0 0 4 4 d 5 1 5 4 5 4 0 4 0 0 a 4 1 1 0 0 0 1 6 8
1 0 0 c 0 0 0 4 4 d 5 1 5 4 5 4 0 4 0 2 a 5 2 f 0 0 0 0
1 0 0 c 0 0 0 4 4 d 5 1 5 4 5 4 0 4 0 0 e 7 a 5 0 0 0 0
1 0 0 d 0 0 0 4 4 d 5 1 5 4 5 4 0 4 0 0 b e e d 0 0 0 1 4 6
1 0 0 c 0 0 0 4 4 d 5 1 5 4 5 4 0 4 0 0 c e f 3 0 0 0 0
1 0 0 d 0 0 0 4 4 d 5 1 5 4 5 4 0 4 0 0 b 3 1 5 0 0 0 1 5 8
1 0 0 c 0 0 0 4 4 d 5 1 5 4 5 4 0 4 0 2 8 f 4 8 0 0 0 0
1 0 0 d 0 0 0 4 4 d 5 1 5 4 5 4 0 4 0 0 5 b 0 5 0 0 0 1 7 0
1 0 0 c 0 0 0 4 4 d 5 1 5 4 5 4 0 4 0 2 2 5 6 a 0 0 0 0
1 0 0 d 0 0 0 4 4 d 5 1 5 4 5 4 0 4 0 0 f a b 1 0 0 0 1 5 1
1 0 0 c 0 0 0 4 4 d 5 1 5 4 5 4 0 4 0 0 e d f f 0 0 0 0
1 0 0 d 0 0 0 4 4 d 5 1 5 4 5 4 0 4 0 2 b 8 8 2 0 0 0 1 4 3
1 0 0 c 0 0 0 4 4 d 5 1 5 4 5 4 0 4 0 0 1 2 6 a 0 0 0 0
1 0 0 d 0 0 0 4 4 d 5 1 5 4 5 4 0 4 0 2 e f f b 0 0 0 1 6 f
1 0 0 c 0 0 0 4 4 d 5 1 5 4 5 4 0 4 0 0 a 0 4 6 0 0 0 0
1 0 0 d 0 0 0 4 4 d 5 1 5 4 5 4 0 4 0 0 a 6 3 b 0 0 0 1 7 0
1 0 0 d 0 0 0 4 4 d 5 1 5 4 5 4 0 4 0 0 2 7 3 1 0 0 0 1 7 5
1 0 0 d 0 0 0 4 4 d 5 1 5 4 5 4 0 4 0 0 d d 8 e 0 0 0 1 3 5
1 0 0 d 0 0 0 4 4 d 5 1 5 4 5 4 0 4 0 2 0 a d b 0 0 0 1 6 5
1 0 0 c 0 0 0 4 4 d 5 1 5 4 5 4 0 4 0 2 4 c 8 c 0 0 0 0
1 0 0 d 0 0 0 4 4 d 5 1 5 4 5 4 0 4 0 0 f 5 5 7 0 0 0 1 3 7
1 0 0 d 0 0 0 4 4 d 5 1 5 4 5 4 0 4 0 0 a 5 a 4 0 0 0 1 7 0
1 0 0 d 0 0 0 4 4 d 5 1 5 4 5 4 0 4 0 0 9 e 4 5 0 0 0 1 6 a
1 0 0 d 0 0 0 4 4 d 5 1 5 4 5 4 0 4 0 0 6 2 9 c 0 0 0 1 7 9
1 0 0 c 0 0 0 4 4 d 5 1 5 4 5 4 0 4 0 2 f 2 8 7 0 0 0 0
1 0 0 c 0 0 0 4 4 d 5 1 5 4 5 4 0 4 0 2 1 6 b b 0 0 0 0
1 0 0 c 0 0 0 4 4 d 5 1 5 4 5 4 0 4 0 2 2 a 7 4 0 0 0 0
1 0 0 c 0 0 0 4 4 d 5 1 5 4 5 4 0 4 0 0 3 1 2 5 0 0 0 0
1 0 0 d 0 0 0 4 4 d 5 1 5 4 5 4 0 4 0 0 9 e 4 0 0 0 0 1 3 3
1 0 0 c 0 0 0 4 4 d 5 1 5 4 5 4 0 4 0 0 2 8 8 e 0 0 0 0
1 0 0 c 0 0 0 4 4 d 5 1 5 4 5 4 0 4 0 2 f 6 9 1 0 0 0 0
1 0 0 d 0 0 0 4 4 d 5 1 5 4 5 4 0 4 0 0 a a 7 f 0 0 0 1 7 7
1 0 0 d 0 0 0 4 4 d 5 1 5 4 5 4 0 4 0 0 5 8 a e 0 0 0 1 3 8
1 0 0 d 0 0 0 4 4 d 5 1 5 4 5 4 0 4 0 2 5 2 0 4 0 0 0 1 7 4
1 0 0 c 0 0 0 4 4 d 5 1 5 4 5 4 0 4 0 2 e 6 5 8 0 0 0 0
1 0 0 d 0 0 0 4 4 d 5 1 5 4 5 4 0 4 0 2 2 a b 3 0 0 0 1 7 0
1 0 0 d 0 0 0 4 4 d 5 1 5 4 5 4 0 4 0 0 0 c 2 0 0 0 0 1 7 a
1 0 0 d 0 0 0 4 4 d 5 1 5 4 5 4 0 4 0 2 7 1 a 2 0 0 0 1 3 3
1 0 0 c 0 0 0 4 4 d 5 1 5 4 5 4 0 4 0 0 6 9 9 7 0 0 0 0
1 0 0 c 0 0 0 4 4 d 5 1 5 4 5 4 0 4 0 0 c f b 5 0 0 0 0
1 0 0 d 0 0 0 4 4 d 5 1 5 4 5 4 0 4 0 0 f 3 0 e 0 0 0 1 5 9
1 0 0 c 0 0 0 4 4 d 5 1 5 4 5 4 0 4 0 2 f 0 7 4 0 0 0 0
1 0 0 d 0 0 0 4 4 d 5 1 5 4 5 4 0 4 0 0 7 4 5 3 0 0 0 1 5 4
1 0 0 d 0 0 0 4 4 d 5 1 5 4 5 4 0 4 0 0 8 d d 3 0 0 0 1 3 4
1 0 0 c 0 0 0 4 4 d 5 1 5 4 5 4 0 4 0 2 a 4 9 c 0 0 0 0
1 0 0 d 0 0 0 4 4 d 5 1 5 4 5 4 0 4 0 2 9 5 0 0 0 0 0 1 4 1
1 0 0 c 0 0 0 4 4 d 5 1 5 4 5 4 0 4 0 0 d 6 3 9 0 0 0 0
1 0 0 d 0 0 0 4 4 d 5 1 5 4 5 4 0 4 0 0 4 e 6 d 0 0 0 1 4 b
1 0 0 c 0 0 0 4 4 d 5 1 5 4 5 4 0 4 0 2 5 9 a 8 0 0 0 0
1 0 0 d 0 0 0 4 4 d 5 1 5 4 5 4 0 4 0 0 5 c e 6 0 0 0 1 5 1
1 0 0 c 0 0 0 4 4 d 5 1 5 4 5 4 0 4 0 2 d 1 d 8 0 0 0 0
1 0 0 d 0 0 0 4 4 d 5 1 5 4 5 4 0 4 0 0 b b f 1 0 0 0 1 7 0
1 0 0 d 0 0 0 4 4 d 5 1 5 4 5 4 0 4 0 0 7 9 7 b 0 0 0 1 6 3
1 0 0 c 0 0 0 4 4 d 5 1 5 4 5 4 0 4 0 0 6 f 3 9 0 0 0 0
1 0 0 d 0 0 0 4 4 d 5 1 5 4 5 4 0 4 0 0 4 4 f 1 0 0 0 1 6 9
1 0 0 c 0 0 0 4 4 d 5 1 5 4 5 4 0 4 0 0 0 5 3 1 0 0 0 0
1 0 0 d 0 0 0 4 4 d 5 1 5 4 5 4 0 4 0 2 1 f e a 0 0 0 1 3 1
1 0 0 d 0 0 0 4 4 d 5 1 5 4 5 4 0 4 0 0 6 4 7 5 0 0 0 1 4 a
1 0 0 d 0 0 0 4 4 d 5 1 5 4 5 4 0 4 0 2 7 3 7 0 0 0 0 1 3 4
1 0 0 c 0 0 0 4 4 d 5 1 5 4 5 4 0 4 0 0 1 a 0 b 0 0 0 0
1 0 0 c 0 0 0 4 4 d 5 1 5 4 5 4 0 4 0 2 d 6 c 6 0 0 0 0
1 0 0 d 0 0 0 4 4 d 5 1 5 4 5 4 0 4 0 0 7 3 3 3 0 0 0 1 3 6
1 0 0 c 0 0 0 4 4 d 5 1 5 4 5 4 0 4 0 2 f f 4 2 0 0 0 0
1 0 0 d 0 0 0 4 4 d 5 1 5 4 5 4 0 4 0 2 9 9 2 3 0 0 0 1 6 4
1 0 0 d 0 0 0 4 4 d 5 1 5 4 5 4 0 4 0 0 7 e 8 c 0 0 0 1 3 8
1 0 0 d 0 0 0 4 4 d 5 1 5 4 5 4 0 4 0 2 e f b a 0 0 0 1 5 6
1 0 0 d 0 0 0 4 4 d 5 1 5 4 5 4 0 4 0 2 2 5 d f 0 0 0 1 4 5
1 0 0 d 0 0 0 4 4 d 5 1 5 4 5 4 0 4 0 0 7 5 d d 0 0 0 1 4 5
1 0 0 d 0 0 0 4 4 d 5 1 5 4 5 4 0 4 0 2 b a 8 6 0 0 0 1 7 8
1 0 0 c 0 0 0 4 4 d 5 1 5 4 5 4 0 4 0 2 a a b 1 0 0 0 0
1 0 0 d 0 0 0 4 4 d 5 1 5 4 5 4 0 4 0 2 9 7 7 a 0 0 0 1 4 2
1 0 0 c 0 0 0 4 4 d 5 1 5 4 5 4 0 4 0 2 3 d f 7 0 0 0 0
1 0 0 c 0 0 0 4 4 d 5 1 5 4 5 4 0 4 0 0 3 4 e f 0 0 0 0
1 0 0 d 0 0 0 4 4 d 5 1 5 4 5 4 0 4 0 2 4 2 6 d 0 0 0 1 3 4
1 0 0 c 0 0 0 4 4 d 5 1 5 4 5 4 0 4 0 2 a 7 7 5 0 0 0 0
1 0 0 c 0 0 0 4 4 d 5 1 5 4 5 4 0 4 0 0 8 4 b 7 0 0 0 0
1 0 0 d 0 0 0 4 4 d 5 1 5 4 5 4 0 4 0 0 8 c 2 4 0 0 0 1 5 7
1 0 0 c 0 0 0 4 4 d 5 1 5 4 5 4 0 4 0 0 8 f d d 0 0 0 0
1 0 0 c 0 0 0 4 4 d 5 1 5 4 5 4 0 4 0 2 8 a a 9 0 0 0 0
1 0 0 d 0 0 0 4 4 d 5 1 5 4 5 4 0 4 0 0 1 3 1 e 0 0 0 1 5 4
1 0 0 d 0 0 0 4 4 d 5 1 5 4 5 4 0 4 0 2 5 3 c b 0 0 0 1 5 0
1 0 0 c 0 0 0 4 4 d 5 1 5 4 5 4 0 4 0 2 9 4 c b 0 0 0 0
1 0 0 d 0 0 0 4 4 d 5 1 5 4 5 4 0 4 0 2 3 e 6 d 0 0 0 1 7 9
1 0 0 c 0 0 0 4 4 d 5 1 5 4 5 4 0 4 0 0 2 9 e b 0 0 0 0
1 0 0 d 0 0 0 4 4 d 5 1 5 4 5 4 0 4 0 0 5 b 8 c 0 0 0 1 6 b
1 0 0 c 0 0 0 4 4 d 5 1 5 4 5 4 0 4 0 0 d f 8 d 0 0 0 0
1 0 0 d 0 0 0 4 4 d 5 1 5 4 5 4 0 4 0 2 5 a a e 0 0 0 1 6 9
1 0 0 d 0 0 0 4 4 d 5 1 5 4 5 4 0 4 0 2 7 3 c 2 0 0 0 1 3 3
1 0 0 c 0 0 0 4 4 d 5 1 5 4 5 4 0 4 0 2 5 a d e 0 0 0 0
1 0 0 d 0 0 0 4 4 d 5 1 5 4 5 4 0 4 0 2 c 7 1 f 0 0 0 1 4 4
1 0 0 d 0 0 0 4 4 d 5 1 5 4 5 4 0 4 0 0 4 c b f 0 0 0 1 3 6
1 0 0 d 0 0 0 4 4 d 5 1 5 4 5 4 0 4 0 0 2 8 7 9 0 0 0 1 6 d
1 0 0 c 0 0 0 4 4 d 5 1 5 4 5 4 0 4 0 2 4 7 c 8 0 0 0 0
1 0 0 d 0 0 0 4 4 d 5 1 5 4 5 4 0 4 0 0 f 3 a f 0 0 0 1 3 1
1 0 0 c 0 0 0 4 4 d 5 1 5 4 5 4 0 4 0 2 5 4 8 1 0 0 0 0
1 0 0 c 0 0 0 4 4 d 5 1 5 4 5 4 0 4 0 2 3 b 4 7 0 0 0 0
1 0 0 d 0 0 0 4 4 d 5 1 5 4 5 4 0 4 0 2 1 0 4 5 0 0 0 1 6 c
1 0 0 c 0 0 0 4 4 d 5 1 5 4 5 4 0 4 0 2 c d 7 d 0 0 0 0
1 0 0 d 0 0 0 4 4 d 5 1 5 4 5 4 0 4 0 2 8 4 d e 0 0 0 1 5 4
1 0 0 d 0 0 0 4 4 d 5 1 5 4 5 4 0 4 0 0 d 1 d c 0 0 0 1 6 3
1 0 0 c 0 0 0 4 4 d 5 1 5 4 5 4 0 4 0 0 3 b b 4 0 0 0 0
1 0 0 c 0 0 0 4 4 d 5 1 5 4 5 4 0 4 0 2 8 e b d 0 0 0 0
1 0 0 d 0 0 0 4 4 d 5 1 5 4 5 4 0 4 0 0 7 8 1 7 0 0 0 1 3 2
1 0 0 d 0 0 0 4 4 d 5 1 5 4 5 4 0 4 0 2 5 f 8 3 0 0 0 1 7 a
1 0 0 d 0 0 0 4 4 d 5 1 5 4 5 4 0 4 0 0 7 7 c 7 0 0 0 1 4 7
1 0 0 d 0 0 0 4 4 d 5 1 5 4 5 4 0 4 0 2 b f 3 7 0 0 0 1 4 a
1 0 0 d 0 0 0 4 4 d 5 1 5 4 5 4 0 4 0 0 8 6 3 a 0 0 0 1 5 1
1 0 0 c 0 0 0 4 4 d 5 1 5 4 5 4 0 4 0 2 f 6 e 9 0 0 0 0
1 0 0 c 0 0 0 4 4 d 5 1 5 4 5 4 0 4 0 2 8 7 d 6 0 0 0 0
1 0 0 c 0 0 0 4 4 d 5 1 5 4 5 4 0 4 0 0 1 5 7 0 0 0 0 0
1 0 0 c 0 0 0 4 4 d 5 1 5 4 5 4 0 4 0 2 4 0 6 7 0 0 0 0
1 0 0 c 0 0 0 4 4 d 5 1 5 4 5 4 0 4 0 0 8 0 e 4 0 0 0 0
1 0 0 d 0 0 0 4 4 d 5 1 5 4 5 4 0 4 0 2 a 1 9 5 0 0 0 1 5 8
1 0 0 c 0 0 0 4 4 d 5 1 5 4 5 4 0 4 0 0 4 d e c 0 0 0 0
1 0 0 d 0 0 0 4 4 d 5 1 5 4 5 4 0 4 0 2 4 8 d a 0 0 0 1 3 2
1 0 0 d 0 0 0 4 4 d 5 1 5 4 5 4 0 4 0 2 8 4 d a 0 0 0 1 7 a
1 0 0 c 0 0 0 4 4 d 5 1 5 4 5 4 0 4 0 2 e c 6 8 0 0 0 0
1 0 0 c 0 0 0 4 4 d 5 1 5 4 5 4 0 4 0 2 1 e a 1 0 0 0 0
1 0 0 d 0 0 0 4 4 d 5 1 5 4 5 4 0 4 0 2 d 4 9 6 0 0 0 1 6 d
1 0 0 c 0 0 0 4 4 d 5 1 5 4 5 4 0 4 0 0 4 2 8 2 0 0 0 0
1 0 0 c 0 0 0 4 4 d 5 1 5 4 5 4 0 4 0 0 9 8 3 4 0 0 0 0
1 0 0 d 0 0 0 4 4 d 5 1 5 4 5 4 0 4 0 2 c 5 a 3 0 0 0 1 6 9
1 0 0 c 0 0 0 4 4 d 5 1 5 4 5 4 0 4 0 2 5 3 9 c 0 0 0 0
1 0 0 d 0 0 0 4 4 d 5 1 5 4 5 4 0 4 0 2 6 6 0 1 0 0 0 1 3 4
1 0 0 c 0 0 0 4 4 d 5 1 5 4 5 4 0 4 0 0 2 b a 4 0 0 0 0
1 0 0 c 0 0 0 4 4 d 5 1 5 4 5 4 0 4 0 0 2 3 8 1 0 0 0 0
1 0 0 d 0 0 0 4 4 d 5 1 5 4 5 4 0 4 0 2 d 5 e b 0 0 0 1 7 1
1 0 0 d 0 0 0 4 4 d 5 1 5 4 5 4 0 4 0 0 4 0 6 5 0 0 0 1 3 3
1 0 0 c 0 0 0 4 4 d 5 1 5 4 5 4 0 4 0 0 f 0 6 c 0 0 0 0
1 0 0 d 0 0 0 4 4 d 5 1 5 4 5 4 0 4 0 0 2 4 6 2 0 0 0 1 5 9
1 0 0 c 0 0 0 4 4 d 5 1 5 4 5 4 0 4 0 0 f e 1 3 0 0 0 0
1 0 0 c 0 0 0 4 4 d 5 1 5 4 5 4 0 4 0 2 0 4 7 f 0 0 0 0
1 0 0 c 0 0 0 4 4 d 5 1 5 4 5 4 0 4 0 0 e 1 7 e 0 0 0 0
1 0 0 d 0 0 0 4 4 d 5 1 5 4 5 4 0 4 0 2 a 5 d f 0 0 0 1 7 1
1 0 0 d 0 0 0 4 4 d 5 1 5 4 5 4 0 4 0 2 f 8 0 7 0 0 0 1 4 3
1 0 0 c 0 0 0 4 4 d 5 1 5 4 5 4 0 4 0 0 f 4 6 b 0 0 0 0
1 0 0 c 0 0 0 4 4 d 5 1 5 4 5 4 0 4 0 0 9 3 7 9 0 0 0 0
1 0 0 c 0 0 0 4 4 d 5 1 5 4 5 4 0 4 0 0 8 4 9 5 0 0 0 0
1 0 0 d 0 0 0 4 4 d 5 1 5 4 5 4 0 4 0 0 2 3 a b 0 0 0 1 4 c
1 0 0 d 0 0 0 4 4 d 5 1 5 4 5 4 0 4 0 2 2 e 7 b 0 0 0 1 5 4
1 0 0 d 0 0 0 4 4 d 5 1 5 4 5 4 0 4 0 2 2 6 3 2 0 0 0 1 6 3
1 0 0 c 0 0 0 4 4 d 5 1 5 4 5 4 0 4 0 0 7 3 6 5 0 0 0 0
1 0 0 d 0 0 0 4 4 d 5 1 5 4 5 4 0 4 0 0 5 1 3 6 0 0 0 1 3 6
1 0 0 d 0 0 0 4 4 d 5 1 5 4 5 4 0 4 0 2 3 9 f 7 0 0 0 1 6 5
1 0 0 d 0 0 0 4 4 d 5 1 5 4 5 4 0 4 0 2 5 9 0 c 0 0 0 1 7 3
1 0 0 c 0 0 0 4 4 d 5 1 5 4 5 4 0 4 0 0 1 6 9 c 0 0 0 0
1 0 0 d 0 0 0 4 4 d 5 1 5 4 5 4 0 4 0 0 a 3 2 b 0 0 0 1 4 5
1 0 0 c 0 0 0 4 4 d 5 1 5 4 5 4 0 4 0 2 e 1 6 8 0 0 0 0
1 0 0 c 0 0 0 4 4 d 5 1 5 4 5 4 0 4 0 0 7 8 4 e 0 0 0 0
1 0 0 c 0 0 0 4 4 d 5 1 5 4 5 4 0 4 0 2 1 7 4 f 0 0 0 0
1 0 0 d 0 0 0 4 4 d 5 1 5 4 5 4 0 4 0 2 e 5 4 6 0 0 0 1 7 2
1 0 0 c 0 0 0 4 4 d 5 1 5 4 5 4 0 4 0 2 a c 0 c 0 0 0 0
1 0 0 c 0 0 0 4 4 d 5 1 5 4 5 4 0 4 0 0 2 8 4 7 0 0 0 0
1 0 0 d 0 0 0 4 4 d 5 1 5 4 5 4 0 4 0 2 8 6 c 6 0 0 0 1 5 3
1 0 0 d 0 0 0 4 4 d 5 1 5 4 5 4 0 4 0 2 8 e 1 3 0 0 0 1 5 8
1 0 0 c 0 0 0 4 4 d 5 1 5 4 5 4 0 4 0 2 2 1 2 5 0 0 0 0
1 0 0 c 0 0 0 4 4 d 5 1 5 4 5 4 0 4 0 2 d 1 3 c 0 0 0 0
1 0 0 c 0 0 0 4 4 d 5 1 5 4 5 4 0 4 0 2 8 b 5 9 0 0 0 0
1 0 0 d 0 0 0 4 4 d 5 1 5 4 5 4 0 4 0 0 0 8 7 d 0 0 0 1 3 5
1 0 0 c 0 0 0 4 4 d 5 1 5 4 5 4 0 4 0 2 5 f 9 3 0 0 0 0
1 0 0 d 0 0 0 4 4 d 5 1 5 4 5 4 0 4 0 0 9 4 6 2 0 0 0 1 5 5
1 0 0 d 0 0 0 4 4 d 5 1 5 4 5 4 0 4 0 0 e b 1 4 0 0 0 1 6 8
1 0 0 d 0 0 0 4 4 d 5 1 5 4 5 4 0 4 0 2 9 8 e 5 0 0 0 1 7 0
1 0 0 d 0 0 0 4 4 d 5 1 5 4 5 4 0 4 0 0 2 1 3 c 0 0 0 1 4 d
1 0 0 d 0 0 0 4 4 d 5 1 5 4 5 4 0 4 0 0 5 0 8 5 0 0 0 1 5 a
1 0 0 d 0 0 0 4 4 d 5 1 5 4 5 4 0 4 0 2 9 e 5 a 0 0 0 1 7 2
1 0 0 c 0 0 0 4 4 d 5 1 5 4 5 4 0 4 0 0 6 4 4 e 0 0 0 0
1 0 0 c 0 0 0 4 4 d 5 1 5 4 5 4 0 4 0 2 7 3 3 9 0 0 0 0
1 0 0 c 0 0 0 4 4 d 5 1 5 4 5 4 0 4 0 0 b e 0 a 0 0 0 0
1 0 0 c 0 0 0 4 4 d 5 1 5 4 5 4 0 4 0 2 4 c 5 1 0 0 0 0
1 0 0 c 0 0 0 4 4 d 5 1 5 4 5 4 0 4 0 2 0 c 1 b 0 0 0 0
1 0 0 c 0 0 0 4 4 d 5 1 5 4 5 4 0 4 0 0 1 c 3 9 0 0 0 0
1 0 0 d 0 0 0 4 4 d 5 1 5 4 5 4 0 4 0 0 e c 5 5 0 0 0 1 5 7
1 0 0 c 0 0 0 4 4 d 5 1 5 4 5 4 0 4 0 2 e f b c 0 0 0 0
1 0 0 d 0 0 0 4 4 d 5 1 5 4 5 4 0 4 0 0 b 2 2 7 0 0 0 1 6 7
1 0 0 d 0 0 0 4 4 d 5 1 5 4 5 4 0 4 0 2 2 8 c c 0 0 0 1 6 d
1 0 0 c 0 0 0 4 4 d 5 1 5 4 5 4 0 4 0 2 5 5 c 9 0 0 0 0
1 0 0 c 0 0 0 4 4 d 5 1 5 4 5 4 0 4 0 0 9 c a 0 0 0 0 0
1 0 0 c 0 0 0 4 4 d 5 1 5 4 5 4 0 4 0 2 8 3 9 9 0 0 0 0
1 0 0 d 0 0 0 4 4 d 5 1 5 4 5 4 0 4 0 0 3 4 3 0 0 0 0 1 6 c
1 0 0 d 0 0 0 4 4 d 5 1 5 4 5 4 0 4 0 2 e 4 d 3 0 0 0 1 7 7
1 0 0 c 0 0 0 4 4 d 5 1 5 4 5 4 0 4 0 0 1 9 2 0 0 0 0 0
1 0 0 c 0 0 0 4 4 d 5 1 5 4 5 4 0 4 0 0 9 d 1 c 0 0 0 0
1 0 0 d 0 0 0 4 4 d 5 1 5 4 5 4 0 4 0 2 b 2 0 4 0 0 0 1 6 b
1 0 0 c 0 0 0 4 4 d 5 1 5 4 5 4 0 4 0 0 e 8 0 e 0 0 0 0
1 0 0 d 0 0 0 4 4 d 5 1 5 4 5 4 0 4 0 2 9 0 2 c 0 0 0 1 6 4
1 0 0 c 0 0 0 4 4 d 5 1 5 4 5 4 0 4 0 2 4 9 f 3 0 0 0 0
1 0 0 d 0 0 0 4 4 d 5 1 5 4 5 4 0 4 0 2 d 4 8 b 0 0 0 1 5 4
1 0 0 d 0 0 0 4 4 d 5 1 5 4 5 4 0 4 0 2 3 5 4 f 0 0 0 1 7 4
1 0 0 d 0 0 0 4 4 d 5 1 5 4 5 4 0 4 0 2 7 6 1 0 0 0 0 1 7 0
1 0 0 d 0 0 0 4 4 d 5 1 5 4 5 4 0 4 0 0 7 c 9 f 0 0 0 1 5 6
1 0 0 c 0 0 0 4 4 d 5 1 5 4 5 4 0 4 0 0 c 9 9 1 0 0 0 0
1 0 0 d 0 0 0 4 4 d 5 1 5 4 5 4 0 4 0 2 b f 9 f 0 0 0 1 6 e
1 0 0 c 0 0 0 4 4 d 5 1 5 4 5 4 0 4 0 2 c 1 e c 0 0 0 0
1 0 0 c 0 0 0 4 4 d 5 1 5 4 5 4 0 4 0 0 c 3 7 0 0 0 0 0
1 0 0 d 0 0 0 4 4 d 5 1 5 4 5 4 0 4 0 0 0 f b 4 0 0 0 1 6 4
1 0 0 c 0 0 0 4 4 d 5 1 5 4 5 4 0 4 0 2 5 8 b 4 0 0 0 0
1 0 0 d 0 0 0 4 4 d 5 1 5 4 5 4 0 4 0 2 f 5 d 1 0 0 0 1 7 0
1 0 0 d 0 0 0 4 4 d 5 1 5 4 5 4 0 4 0 0 9 9 e b 0 0 0 1 6 f
1 0 0 c 0 0 0 4 4 d 5 1 5 4 5 4 0 4 0 2 7 9 6 7 0 0 0 0
1 0 0 c 0 0 0 4 4 d 5 1 5 4 5 4 0 4 0 2 6 8 7 7 0 0 0 0
1 0 0 d 0 0 0 4 4 d 5 1 5 4 5 4 0 4 0 0 e f 3 9 0 0 0 1 7 0
1 0 0 c 0 0 0 4 4 d 5 1 5 4 5 4 0 4 0 0 a 0 0 9 0 0 0 0
1 0 0 c 0 0 0 4 4 d 5 1 5 4 5 4 0 4 0 2 7 c 7 b 0 0 0 0
1 0 0 d 0 0 0 4 4 d 5 1 5 4 5 4 0 4 0 2 5 7 7 5 0 0 0 1 6 3
1 0 0 d 0 0 0 4 4 d 5 1 5 4 5 4 0 4 0 0 7 7 e 4 0 0 0 1 3 7
1 0 0 d 0 0 0 4 4 d 5 1 5 4 5 4 0 4 0 0 0 6 2 3 0 0 0 1 4 e
1 0 0 d 0 0 0 4 4 d 5 1 5 4 5 4 0 4 0 0 4 e d e 0 0 0 1 4 f
1 0 0 c 0 0 0 4 4 d 5 1 5 4 5 4 0 4 0 0 d b 9 2 0 0 0 0
1 0 0 d 0 0 0 4 4 d 5 1 5 4 5 4 0 4 0 2 6 d e 4 0 0 0 1 6 a
1 0 0 c 0 0 0 4 4 d 5 1 5 4 5 4 0 4 0 0 8 9 0 8 0 0 0 0
1 0 0 c 0 0 0 4 4 d 5 1 5 4 5 4 0 4 0 0 9 7 e b 0 0 0 0
1 0 0 d 0 0 0 4 4 d 5 1 5 4 5 4 0 4 0 0 1 d b b 0 0 0 1 7 6
1 0 0 d 0 0 0 4 4 d 5 1 5 4 5 4 0 4 0 2 a 6 4 d 0 0 0 1 3 8
1 0 0 c 0 0 0 4 4 d 5 1 5 4 5 4 0 4 0 0 2 3 0 a 0 0 0 0
1 0 0 d 0 0 0 4 4 d 5 1 5 4 5 4 0 4 0 2 6 e 5 f 0 0 0 1 6 2
1 0 0 d 0 0 0 4 4 d 5 1 5 4 5 4 0 4 0 0 f 7 8 3 0 0 0 1 5 5
1 0 0 d 0 0 0 4 4 d 5 1 5 4 5 4 0 4 0 2 b 9 3 d 0 0 0 1 4 a
1 0 0 c 0 0 0 4 4 d 5 1 5 4 5 4 0 4 0 2 4 b 0 5 0 0 0 0
1 0 0 c 0 0 0 4 4 d 5 1 5 4 5 4 0 4 0 0 0 f 4 e 0 0 0 0
1 0 0 c 0 0 0 4 4 d 5 1 5 4 5 4 0 4 0 2 3 5 4 b 0 0 0 0
1 0 0 d 0 0 0 4 4 d 5 1 5 4 5 4 0 4 0 2 1 1 1 2 0 0 0 1 6 1
1 0 0 c 0 0 0 4 4 d 5 1 5 4 5 4 0 4 0 0 a 6 7 d 0 0 0 0
1 0 0 c 0 0 0 4 4 d 5 1 5 4 5 4 0 4 0 2 5 9 4 f 0 0 0 0
1 0 0 c 0 0 0 4 4 d 5 1 5 4 5 4 0 4 0 2 1 2 c 1 0 0 0 0
1 0 0 c 0 0 0 4 4 d 5 1 5 4 5 4 0 4 0 2 0 4 e f 0 0 0 0
1 0 0 d 0 0 0 4 4 d 5 1 5 4 5 4 0 4 0 0 0 e e 3 0 0 0 1 4 4
1 0 0 c 0 0 0 4 4 d 5 1 5 4 5 4 0 4 0 0 f a 2 9 0 0 0 0
1 0 0 c 0 0 0 4 4 d 5 1 5 4 5 4 0 4 0 2 3 9 e c 0 0 0 0
1 0 0 c 0 0 0 4 4 d 5 1 5 4 5 4 0 4 0 2 6 d 7 f 0 0 0 0
1 0 0 c 0 0 0 4 4 d 5 1 5 4 5 4 0 4 0 2 2 1 f 8 0 0 0 0
1 0 0 d 0 0 0 4 4 d 5 1 5 4 5 4 0 4 0 0 8 8 2 9 0 0 0 1 3 9
1 0 0 d 0 0 0 4 4 d 5 1 5 4 5 4 0 4 0 2 6 4 5 6 0 0 0 1 6 f
1 0 0 c 0 0 0 4 4 d 5 1 5 4 5 4 0 4 0 2 e 1 e 8 0 0 0 0
1 0 0 d 0 0 0 4 4 d 5 1 5 4 5 4 0 4 0 2 a 7 b b 0 0 0 1 7 8
1 0 0 d 0 0 0 4 4 d 5 1 5 4 5 4 0 4 0 2 e f f 1 0 0 0 1 7 3
1 0 0 c 0 0 0 4 4 d 5 1 5 4 5 4 0 4 0 0 e 3 d 1 0 0 0 0
1 0 0 d 0 0 0 4 4 d 5 1 5 4 5 4 0 4 0 0 9 7 0 7 0 0 0 1 5 6
1 0 0 d 0 0 0 4 4 d 5 1 5 4 5 4 0 4 0 0 8 2 d f 0 0 0 1 3 5
1 0 0 c 0 0 0 4 4 d 5 1 5 4 5 4 0 4 0 2 d b 0 a 0 0 0 0
1 0 0 c 0 0 0 4 4 d 5 1 5 4 5 4 0 4 0 2 1 1 d f 0 0 0 0
1 0 0 c 0 0 0 4 4 d 5 1 5 4 5 4 0 4 0 0 5 0 1 f 0 0 0 0
1 0 0 d 0 0 0 4 4 d 5 1 5 4 5 4 0 4 0 2 d 4 f 7 0 0 0 1 6 9
1 0 0 c 0 0 0 4 4 d 5 1 5 4 5 4 0 4 0 2 0 b 0 a 0 0 0 0
1 0 0 c 0 0 0 4 4 d 5 1 5 4 5 4 0 4 0 0 6 6 5 e 0 0 0 0
1 0 0 d 0 0 0 4 4 d 5 1 5 4 5 4 0 4 0 2 a b 7 4 0 0 0 1 7 7
1 0 0 d 0 0 0 4 4 d 5 1 5 4 5 4 0 4 0 2 9 3 8 b 0 0 0 1 7 4
1 0 0 c 0 0 0 4 4 d 5 1 5 4 5 4 0 4 0 0 a e a 8 0 0 0 0
1 0 0 d 0 0 0 4 4 d 5 1 5 4 5 4 0 4 0 0 3 c e a 0 0 0 1 7 6
1 0 0 d 0 0 0 4 4 d 5 1 5 4 5 4 0 4 0 0 c 2 3 b 0 0 0 1 3 3
1 0 0 d 0 0 0 4 4 d 5 1 5 4 5 4 0 4 0 2 9 0 3 b 0 0 0 1 5 4
1 0 0 c 0 0 0 4 4 d 5 1 5 4 5 4 0 4 0 2 b 5 8 3 0 0 0 0
1 0 0 d 0 0 0 4 4 d 5 1 5 4 5 4 0 4 0 2 e 4 9 2 0 0 0 1 5 a
1 0 0 d 0 0 0 4 4 d 5 1 5 4 5 4 0 4 0 2 7 c b b 0 0 0 1 6 5
1 0 0 d 0 0 0 4 4 d 5 1 5 4 5 4 0 4 0 2 a 7 5 e 0 0 0 1 4 f
1 0 0 d 0 0 0 4 4 d 5 1 5 4 5 4 0 4 0 2 8 2 e d 0 0 0 1 4 f
1 0 0 c 0 0 0 4 4 d 5 1 5 4 5 4 0 4 0 2 2 a 9 e 0 0 0 0
1 0 0 d 0 0 0 4 4 d 5 1 5 4 5 4 0 4 0 0 7 a 5 7 0 0 0 1 6 4
1 0 0 c 0 0 0 4 4 d 5 1 5 4 5 4 0 4 0 0 5 f d f 0 0 0 0
1 0 0 d 0 0 0 4 4 d 5 1 5 4 5 4 0 4 0 2 8 5 d d 0 0 0 1 4 c
1 0 0 c 0 0 0 4 4 d 5 1 5 4 5 4 0 4 0 0 e a 7 a 0 0 0 0
1 0 0 c 0 0 0 4 4 d 5 1 5 4 5 4 0 4 0 2 f 0 4 3 0 0 0 0
1 0 0 d 0 0 0 4 4 d 5 1 5 4 5 4 0 4 0 0 2 6 e d 0 0 0 1 7 a
1 0 0 d 0 0 0 4 4 d 5 1 5 4 5 4 0 4 0 2 b b a d 0 0 0 1 6 a
1 0 0 d 0 0 0 4 4 d 5 1 5 4 5 4 0 4 0 2 e 1 3 0 0 0 0 1 4 6
1 0 0 c 0 0 0 4 4 d 5 1 5 4 5 4 0 4 0 2 b 7 6 c 0 0 0 0
1 0 0 d 0 0 0 4 4 d 5 1 5 4 5 4 0 4 0 0 4 3 a c 0 0 0 1 4 a
1 0 0 d 0 0 0 4 4 d 5 1 5 4 5 4 0 4 0 0 8 c a d 0 0 0 1 7 8
1 0 0 d 0 0 0 4 4 d 5 1 5 4 5 4 0 4 0 0 7 7 5 b 0 0 0 1 4 7
1 0 0 c 0 0 0 4 4 d 5 1 5 4 5 4 0 4 0 2 3 3 f f 0 0 0 0
1 0 0 c 0 0 0 4 4 d 5 1 5 4 5 4 0 4 0 2 5 d 4 1 0 0 0 0
1 0 0 d 0 0 0 4 4 d 5 1 5 4 5 4 0 4 0 0 0 b d 0 0 0 0 1 4 b
1 0 0 c 0 0 0 4 4 d 5 1 5 4 5 4 0 4 0 2 6 d c c 0 0 0 0
1 0 0 c 0 0 0 4 4 d 5 1 5 4 5 4 0 4 0 2 5 d c f 0 0 0 0
1 0 0 d 0 0 0 4 4 d 5 1 5 4 5 4 0 4 0 2 b a 7 4 0 0 0 1 7 5
1 0 0 d 0 0 0 4 4 d 5 1 5 4 5 4 0 4 0 0 f d 9 1 0 0 0 1 3 7
1 0 0 d 0 0 0 4 4 d 5 1 5 4 5 4 0 4 0 0 b 5 d 8 0 0 0 1 7 4
1 0 0 c 0 0 0 4 4 d 5 1 5 4 5 4 0 4 0 0 6 9 8 6 0 0 0 0
1 0 0 d 0 0 0 4 4 d 5 1 5 4 5 4 0 4 0 0 b 4 6 5 0 0 0 1 5 4
1 0 0 d 0 0 0 4 4 d 5 1 5 4 5 4 0 4 0 0 1 e 8 6 0 0 0 1 6 c
1 0 0 c 0 0 0 4 4 d 5 1 5 4 5 4 0 4 0 0 b 0 8 1 0 0 0 0
1 0 0 c 0 0 0 4 4 d 5 1 5 4 5 4 0 4 0 2 b 9 7 9 0 0 0 0
1 0 0 c 0 0 0 4 4 d 5 1 5 4 5 4 0 4 0 2 a 4 0 5 0 0 0 0
1 0 0 c 0 0 0 4 4 d 5 1 5 4 5 4 0 4 0 2 8 5 e 9 0 0 0 0
1 0 0 c 0 0 0 4 4 d 5 1 5 4 5 4 0 4 0 2 d 2 e a 0 0 0 0
1 0 0 d 0 0 0 4 4 d 5 1 5 4 5 4 0 4 0 0 4 e 1 2 0 0 0 1 3 4
1 0 0 d 0 0 0 4 4 d 5 1 5 4 5 4 0 4 0 2 3 9 9 7 0 0 0 1 7 4
1 0 0 c 0 0 0 4 4 d 5 1 5 4 5 4 0 4 0 2 8 e 0 a 0 0 0 0
1 0 0 d 0 0 0 4 4 d 5 1 5 4 5 4 0 4 0 2 d 6 8 3 0 0 0 1 7 8
1 0 0 c 0 0 0 4 4 d 5 1 5 4 5 4 0 4 0 2 3 3 d 3 0 0 0 0
1 0 0 c 0 0 0 4 4 d 5 1 5 4 5 4 0 4 0 2 5 4 7 0 0 0 0 0
1 0 0 c 0 0 0 4 4 d 5 1 5 4 5 4 0 4 0 2 3 d 6 1 0 0 0 0
1 0 0 c 0 0 0 4 4 d 5 1 5 4 5 4 0 4 0 2 a a 7 6 0 0 0 0
1 0 0 d 0 0 0 4 4 d 5 1 5 4 5 4 0 4 0 0 b a 5 f 0 0 0 1 6 c
1 0 0 c 0 0 0 4 4 d 5 1 5 4 5 4 0 4 0 2 d f 3 d 0 0 0 0
1 0 0 c 0 0 0 4 4 d 5 1 5 4 5 4 0 4 0 0 f 2 f a 0 0 0 0
1 0 0 c 0 0 0 4 4 d 5 1 5 4 5 4 0 4 0 0 a c c e 0 0 0 0
1 0 0 c 0 0 0 4 4 d 5 1 5 4 5 4 0 4 0 2 9 4 b f 0 0 0 0
1 0 0 c 0 0 0 4 4 d 5 1 5 4 5 4 0 4 0 0 8 1 3 3 0 0 0 0
1 0 0 d 0 0 0 4 4 d 5 1 5 4 5 4 0 4 0 2 1 f e a 0 0 0 1 5 7
1 0 0 c 0 0 0 4 4 d 5 1 5 4 5 4 0 4 0 0 b 3 8 8 0 0 0 0
1 0 0 c 0 0 0 4 4 d 5 1 5 4 5 4 0 4 0 2 c 1 8 d 0 0 0 0
1 0 0 c 0 0 0 4 4 d 5 1 5 4 5 4 0 4 0 2 8 e 3 1 0 0 0 0
1 0 0 d 0 0 0 4 4 d 5 1 5 4 5 4 0 4 0 0 1 e b d 0 0 0 1 5 3
1 0 0 d 0 0 0 4 4 d 5 1 5 4 5 4 0 4 0 0 e 5 a 9 0 0 0 1 4 6
1 0 0 d 0 0 0 4 4 d 5 1 5 4 5 4 0 4 0 0 0 4 8 7 0 0 0 1 7 8
1 0 0 c 0 0 0 4 4 d 5 1 5 4 5 4 0 4 0 0 0 1 0 8 0 0 0 0
1 0 0 c 0 0 0 4 4 d 5 1 5 4 5 4 0 4 0 0 7 d 2 1 0 0 0 0
1 0 0 d 0 0 0 4 4 d 5 1 5 4 5 4 0 4 0 0 d 9 8 f 0 0 0 1 3 0
1 0 0 d 0 0 0 4 4 d 5 1 5 4 5 4 0 4 0 2 8 3 d 1 0 0 0 1 6 2
1 0 0 d 0 0 0 4 4 d 5 1 5 4 5 4 0 4 0 0 0 7 f 5 0 0 0 1 4 e
1 0 0 c 0 0 0 4 4 d 5 1 5 4 5 4 0 4 0 0 3 8 2 5 0 0 0 0
1 0 0 c 0 0 0 4 4 d 5 1 5 4 5 4 0 4 0 0 b 9 5 2 0 0 0 0
1 0 0 d 0 0 0 4 4 d 5 1 5 4 5 4 0 4 0 2 e 8 c 6 0 0 0 1 5 8
1 0 0 c 0 0 0 4 4 d 5 1 5 4 5 4 0 4 0 2 d 9 3 2 0 0 0 0
1 0 0 d 0 0 0 4 4 d 5 1 5 4 5 4 0 4 0 2 f 4 0 f 0 0 0 1 4 3
1 0 0 d 0 0 0 4 4 d 5 1 5 4 5 4 0 4 0 2 1 9 4 4 0 0 0 1 3 7
1 0 0 d 0 0 0 4 4 d 5 1 5 4 5 4 0 4 0 0 a 2 9 e 0 0 0 1 4 1
1 0 0 d 0 0 0 4 4 d 5 1 5 4 5 4 0 4 0 0 e 2 7 4 0 0 0 1 4 d
1 0 0 d 0 0 0 4 4 d 5 1 5 4 5 4 0 4 0 2 5 f b 6 0 0 0 1 3 4
1 0 0 c 0 0 0 4 4 d 5 1 5 4 5 4 0 4 0 0 d e 4 0 0 0 0 0
1 0 0 c 0 0 0 4 4 d 5 1 5 4 5 4 0 4 0 2 9 b 0 2 0 0 0 0
1 0 0 c 0 0 0 4 4 d 5 1 5 4 5 4 0 4 0 0 4 2 8 8 0 0 0 0
1 0 0 d 0 0 0 4 4 d 5 1 5 4 5 4 0 4 0 2 c 0 0 8 0 0 0 1 6 4
1 0 0 d 0 0 0 4 4 d 5 1 5 4 5 4 0 4 0 0 6 2 7 8 0 0 0 1 3 8
1 0 0 d 0 0 0 4 4 d 5 1 5 4 5 4 0 4 0 2 9 8 9 8 0 0 0 1 6 1
1 0 0 c 0 0 0 4 4 d 5 1 5 4 5 4 0 4 0 0 2 0 0 e 0 0 0 0
1 0 0 c 0 0 0 4 4 d 5 1 5 4 5 4 0 4 0 2 a f a 1 0 0 0 0
1 0 0 c 0 0 0 4 4 d 5 1 5 4 5 4 0 4 0 2 b f 1 0 0 0 0 0
1 0 0 d 0 0 0 4 4 d 5 1 5 4 5 4 0 4 0 0 a 6 3 1 0 0 0 1 6 b
1 0 0 d 0 0 0 4 4 d 5 1 5 4 5 4 0 4 0 0 0 e 5 1 0 0 0 1 6 3
1 0 0 c 0 0 0 4 4 d 5 1 5 4 5 4 0 4 0 2 b a 0 5 0 0 0 0
1 0 0 d 0 0 0 4 4 d 5 1 5 4 5 4 0 4 0 0 6 9 1 8 0 0 0 1 4 5
1 0 0 d 0 0 0 4 4 d 5 1 5 4 5 4 0 4 0 2 2 6 a 2 0 0 0 1 4 1
1 0 0 c 0 0 0 4 4 d 5 1 5 4 5 4 0 4 0 2 5 5 2 7 0 0 0 0
1 0 0 c 0 0 0 4 4 d 5 1 5 4 5 4 0 4 0 2 c 2 c 1 0 0 0 0
1 0 0 c 0 0 0 4 4 d 5 1 5 4 5 4 0 4 0 0 9 8 7 a 0 0 0 0
1 0 0 c 0 0 0 4 4 d 5 1 5 4 5 4 0 4 0 2 0 6 b b 0 0 0 0
1 0 0 c 0 0 0 4 4 d 5 1 5 4 5 4 0 4 0 0 5 1 4 c 0 0 0 0
1 0 0 d 0 0 0 4 4 d 5 1 5 4 5 4 0 4 0 0 b 7 9 d 0 0 0 1 5 7
1 0 0 c 0 0 0 4 4 d 5 1 5 4 5 4 0 4 0 0 1 f 5 3 0 0 0 0
1 0 0 c 0 0 0 4 4 d 5 1 5 4 5 4 0 4 0 0 6 7 4 1 0 0 0 0
1 0 0 c 0 0 0 4 4 d 5 1 5 4 5 4 0 4 0 2 f f a 9 0 0 0 0
1 0 0 c 0 0 0 4 4 d 5 1 5 4 5 4 0 4 0 2 0 b f 6 0 0 0 0
1 0 0 c 0 0 0 4 4 d 5 1 5 4 5 4 0 4 0 0 0 b 7 9 0 0 0 0
1 0 0 d 0 0 0 4 4 d 5 1 5 4 5 4 0 4 0 0 f d 4 9 0 0 0 1 5 8
1 0 0 d 0 0 0 4 4 d 5 1 5 4 5 4 0 4 0 2 1 a 9 c 0 0 0 1 7 0
1 0 0 d 0 0 0 4 4 d 5 1 5 4 5 4 0 4 0 2 d a 1 6 0 0 0 1 5 4
1 0 0 d 0 0 0 4 4 d 5 1 5 4 5 4 0 4 0 0 1 e a f 0 0 0 1 4 5
1 0 0 d 0 0 0 4 4 d 5 1 5 4 5 4 0 4 0 2 c 9 1 5 0 0 0 1 7 8
1 0 0 d 0 0 0 4 4 d 5 1 5 4 5 4 0 4 0 2 f 6 6 a 0 0 0 1 6 e
1 0 0 d 0 0 0 4 4 d 5 1 5 4 5 4 0 4 0 0 0 b 7 7 0 0 0 1 4 b
1 0 0 c 0 0 0 4 4 d 5 1 5 4 5 4 0 4 0 2 9 a 3 b 0 0 0 0
1 0 0 d 0 0 0 4 4 d 5 1 5 4 5 4 0 4 0 0 3 3 6 0 0 0 0 1 5 3
1 0 0 d 0 0 0 4 4 d 5 1 5 4 5 4 0 4 0 0 f 6 1 d 0 0 0 1 6 9
1 0 0 c 0 0 0 4 4 d 5 1 5 4 5 4 0 4 0 0 4 b a 2 0 0 0 0
1 0 0 d 0 0 0 4 4 d 5 1 5 4 5 4 0 4 0 0 2 6 2 4 0 0 0 1 7 a
1 0 0 c 0 0 0 4 4 d 5 1 5 4 5 4 0 4 0 2 b 7 c f 0 0 0 0
1 0 0 d 0 0 0 4 4 d 5 1 5 4 5 4 0 4 0 0 b 3 c 4 0 0 0 1 5 4
1 0 0 c 0 0 0 4 4 d 5 1 5 4 5 4 0 4 0 2 c 7 5 d 0 0 0 0
1 0 0 c 0 0 0 4 4 d 5 1 5 4 5 4 0 4 0 2 d c b 5 0 0 0 0
1 0 0 d 0 0 0 4 4 d 5 1 5 4 5 4 0 4 0 0 6 3 c b 0 0 0 1 3 3
1 0 0 c 0 0 0 4 4 d 5 1 5 4 5 4 0 4 0 2 0 6 7 8 0 0 0 0
1 0 0 c 0 0 0 4 4 d 5 1 5 4 5 4 0 4 0 0 5 4 b 2 0 0 0 0
1 0 0 c 0 0 0 4 4 d 5 1 5 4 5 4 0 4 0 2 2 b d c 0 0 0 0
1 0 0 c 0 0 0 4 4 d 5 1 5 4 5 4 0 4 0 2 e e b 5 0 0 0 0
1 0 0 c 0 0 0 4 4 d 5 1 5 4 5 4 0 4 0 0 2 9 7 4 0 0 0 0
1 0 0 d 0 0 0 4 4 d 5 1 5 4 5 4 0 4 0 0 9 e 5 e 0 0 0 1 6 d
1 0 0 c 0 0 0 4 4 d 5 1 5 4 5 4 0 4 0 0 d 7 c d 0 0 0 0
1 0 0 c 0 0 0 4 4 d 5 1 5 4 5 4 0 4 0 0 9 5 8 f 0 0 0 0
1 0 0 d 0 0 0 4 4 d 5 1 5 4 5 4 0 4 0 2 2 2 9 b 0 0 0 1 7 1
1 0 0 c 0 0 0 4 4 d 5 1 5 4 5 4 0 4 0 2 6 8 e 6 0 0 0 0
1 0 0 c 0 0 0 4 4 d 5 1 5 4 5 4 0 4 0 2 0 8 f 8 0 0 0 0
1 0 0 d 0 0 0 4 4 d 5 1 5 4 5 4 0 4 0 2 9 c f 1 0 0 0 1 6 a
1 0 0 c 0 0 0 4 4 d 5 1 5 4 5 4 0 4 0 0 f f 3 7 0 0 0 0
1 0 0 d 0 0 0 4 4 d 5 1 5 4 5 4 0 4 0 2 1 6 7 1 0 0 0 1 4 2
1 0 0 d 0 0 0 4 4 d 5 1 5 4 5 4 0 4 0 0 b d a e 0 0 0 1 4 c
1 0 0 c 0 0 0 4 4 d 5 1 5 4 5 4 0 4 0 2 f b f 7 0 0 0 0
1 0 0 c 0 0 0 4 4 d 5 1 5 4 5 4 0 4 0 0 0 d 2 1 0 0 0 0
1 0 0 d 0 0 0 4 4 d 5 1 5 4 5 4 0 4 0 0 7 3 9 9 0 0 0 1 5 9
1 0 0 c 0 0 0 4 4 d 5 1 5 4 5 4 0 4 0 2 6 1 2 e 0 0 0 0
1 0 0 c 0 0 0 4 4 d 5 1 5 4 5 4 0 4 0 0 8 c 5 a 0 0 0 0
1 0 0 d 0 0 0 4 4 d 5 1 5 4 5 4 0 4 0 2 a 7 2 8 0 0 0 1 7 8
1 0 0 d 0 0 0 4 4 d 5 1 5 4 5 4 0 4 0 2 8 9 2 6 0 0 0 1 5 9
1 0 0 c 0 0 0 4 4 d 5 1 5 4 5 4 0 4 0 2 3 e c a 0 0 0 0
1 0 0 c 0 0 0 4 4 d 5 1 5 4 5 4 0 4 0 2 5 1 8 b 0 0 0 0
1 0 0 d 0 0 0 4 4 d 5 1 5 4 5 4 0 4 0 2 0 b b 4 0 0 0 1 3 4
1 0 0 d 0 0 0 4 4 d 5 1 5 4 5 4 0 4 0 2 d 6 f e 0 0 0 1 6 c
1 0 0 c 0 0 0 4 4 d 5 1 5 4 5 4 0 4 0 0 b 4 3 f 0 0 0 0
1 0 0 c 0 0 0 4 4 d 5 1 5 4 5 4 0 4 0 2 2 4 b 5 0 0 0 0
1 0 0 d 0 0 0 4 4 d 5 1 5 4 5 4 0 4 0 0 8 d f a 0 0 0 1 7 5
1 0 0 d 0 0 0 4 4 d 5 1 5 4 5 4 0 4 0 2 e a 4 f 0 0 0 1 4 6
1 0 0 c 0 0 0 4 4 d 5 1 5 4 5 4 0 4 0 0 0 9 6 7 0 0 0 0
1 0 0 c 0 0 0 4 4 d 5 1 5 4 5 4 0 4 0 0 1 b 8 1 0 0 0 0
1 0 0 d 0 0 0 4 4 d 5 1 5 4 5 4 0 4 0 0 0 d f f 0 0 0 1 3 6
1 0 0 d 0 0 0 4 4 d 5 1 5 4 5 4 0 4 0 2 f 8 6 3 0 0 0 1 6 8
1 0 0 d 0 0 0 4 4 d 5 1 5 4 5 4 0 4 0 2 a 6 f 7 0 0 0 1 5 4
1 0 0 d 0 0 0 4 4 d 5 1 5 4 5 4 0 4 0 2 f 0 7 6 0 0 0 1 3 8
1 0 0 c 0 0 0 4 4 d 5 1 5 4 5 4 0 4 0 2 b f 7 f 0 0 0 0
1 0 0 d 0 0 0 4 4 d 5 1 5 4 5 4 0 4 0 0 2 0 8 e 0 0 0 1 4 f
1 0 0 c 0 0 0 4 4 d 5 1 5 4 5 4 0 4 0 0 9 e b 6 0 0 0 0
1 0 0 c 0 0 0 4 4 d 5 1 5 4 5 4 0 4 0 0 6 c 6 2 0 0 0 0
1 0 0 c 0 0 0 4 4 d 5 1 5 4 5 4 0 4 0 2 a d 6 b 0 0 0 0
1 0 0 d 0 0 0 4 4 d 5 1 5 4 5 4 0 4 0 0 1 3 5 b 0 0 0 1 4 f
1 0 0 d 0 0 0 4 4 d 5 1 5 4 5 4 0 4 0 0 5 6 3 a 0 0 0 1 6 5
1 0 0 c 0 0 0 4 4 d 5 1 5 4 5 4 0 4 0 2 d 1 0 d 0 0 0 0
1 0 0 c 0 0 0 4 4 d 5 1 5 4 5 4 0 4 0 0 d 2 f 5 0 0 0 0
1 0 0 d 0 0 0 4 4 d 5 1 5 4 5 4 0 4 0 2 b 4 9 9 0 0 0 1 6 8
1 0 0 d 0 0 0 4 4 d 5 1 5 4 5 4 0 4 0 2 4 d 2 d 0 0 0 1 6 9
1 0 0 c 0 0 0 4 4 d 5 1 5 4 5 4 0 4 0 2 0 0 5 1 0 0 0 0
1 0 0 c 0 0 0 4 4 d 5 1 5 4 5 4 0 4 0 0 4 f a f 0 0 0 0
1 0 0 d 0 0 0 4 4 d 5 1 5 4 5 4 0 4 0 0 1 d 2 c 0 0 0 1 4 f
1 0 0 c 0 0 0 4 4 d 5 1 5 4 5 4 0 4 0 0 c 6 3 9 0 0 0 0
1 0 0 d 0 0 0 4 4 d 5 1 5 4 5 4 0 4 0 2 3 7 1 a 0 0 0 1 4 3
1 0 0 d 0 0 0 4 4 d 5 1 5 4 5 4 0 4 0 2 5 8 2 f 0 0 0 1 3 3
1 0 0 d 0 0 0 4 4 d 5 1 5 4 5 4 0 4 0 2 3 f 9 c 0 0 0 1 3 8
1 0 0 c 0 0 0 4 4 d 5 1 5 4 5 4 0 4 0 2 a a 9 b 0 0 0 0
1 0 0 d 0 0 0 4 4 d 5 1 5 4 5 4 0 4 0 2 a 4 a 1 0 0 0 1 7 5
1 0 0 c 0 0 0 4 4 d 5 1 5 4 5 4 0 4 0 0 f e 9 e 0 0 0 0
1 0 0 d 0 0 0 4 4 d 5 1 5 4 5 4 0 4 0 0 9 1 0 d 0 0 0 1 5 7
1 0 0 c 0 0 0 4 4 d 5 1 5 4 5 4 0 4 0 2 6 5 5 3 0 0 0 0
1 0 0 d 0 0 0 4 4 d 5 1 5 4 5 4 0 4 0 2 e 7 d 2 0 0 0 1 6 c
1 0 0 c 0 0 0 4 4 d 5 1 5 4 5 4 0 4 0 2 d 9 e c 0 0 0 0
1 0 0 d 0 0 0 4 4 d 5 1 5 4 5 4 0 4 0 0 0 7 a f 0 0 0 1 6 f
1 0 0 c 0 0 0 4 4 d 5 1 5 4 5 4 0 4 0 0 2 c c 2 0 0 0 0
1 0 0 d 0 0 0 4 4 d 5 1 5 4 5 4 0 4 0 0 7 f 4 c 0 0 0 1 7 7
1 0 0 d 0 0 0 4 4 d 5 1 5 4 5 4 0 4 0 0 d 5 5 4 0 0 0 1 3 4
1 0 0 d 0 0 0 4 4 d 5 1 5 4 5 4 0 4 0 2 0 9 5 1 0 0 0 1 7 7
1 0 0 c 0 0 0 4 4 d 5 1 5 4 5 4 0 4 0 2 d c 0 a 0 0 0 0
1 0 0 c 0 0 0 4 4 d 5 1 5 4 5 4 0 4 0 0 d 5 8 b 0 0 0 0
1 0 0 c 0 0 0 4 4 d 5 1 5 4 5 4 0 4 0 2 a 2 6 d 0 0 0 0
1 0 0 c 0 0 0 4 4 d 5 1 5 4 5 4 0 4 0 2 c 6 6 c 0 0 0 0
1 0 0 c 0 0 0 4 4 d 5 1 5 4 5 4 0 4 0 0 f f d 9 0 0 0 0
1 0 0 c 0 0 0 4 4 d 5 1 5 4 5 4 0 4 0 0 9 3 9 2 0 0 0 0
1 0 0 c 0 0 0 4 4 d 5 1 5 4 5 4 0 4 0 2 5 c d 1 0 0 0 0
1 0 0 c 0 0 0 4 4 d 5 1 5 4 5 4 0 4 0 0 4 9 e 4 0 0 0 0
1 0 0 d 0 0 0 4 4 d 5 1 5 4 5 4 0 4 0 0 e 2 1 a 0 0 0 1 3 2
1 0 0 c 0 0 0 4 4 d 5 1 5 4 5 4 0 4 0 2 9 5 7 f 0 0 0 0
1 0 0 c 0 0 0 4 4 d 5 1 5 4 5 4 0 4 0 2 e 3 3 9 0 0 0 0
1 0 0 d 0 0 0 4 4 d 5 1 5 4 5 4 0 4 0 0 3 6 c 2 0 0 0 1 7 6
1 0 0 c 0 0 0 4 4 d 5 1 5 4 5 4 0 4 0 0 8 9 1 f 0 0 0 0
1 0 0 d 0 0 0 4 4 d 5 1 5 4 5 4 0 4 0 2 2 7 2 d 0 0 0 1 4 8
1 0 0 c 0 0 0 4 4 d 5 1 5 4 5 4 0 4 0 2 4 7 b a 0 0 0 0
1 0 0 c 0 0 0 4 4 d 5 1 5 4 5 4 0 4 0 0 c f 8 4 0 0 0 0
1 0 0 c 0 0 0 4 4 d 5 1 5 4 5 4 0 4 0 0 f 7 7 f 0 0 0 0
1 0 0 d 0 0 0 4 4 d 5 1 5 4 5 4 0 4 0 2 b 7 c 7 0 0 0 1 5 3
1 0 0 d 0 0 0 4 4 d 5 1 5 4 5 4 0 4 0 2 1 5 0 3 0 0 0 1 6 7
1 0 0 c 0 0 0 4 4 d 5 1 5 4 5 4 0 4 0 2 3 1 0 6 0 0 0 0
1 0 0 d 0 0 0 4 4 d 5 1 5 4 5 4 0 4 0 2 7 8 e c 0 0 0 1 6 5
1 0 0 d 0 0 0 4 4 d 5 1 5 4 5 4 0 4 0 2 a 1 8 1 0 0 0 1 5 a
1 0 0 c 0 0 0 4 4 d 5 1 5 4 5 4 0 4 0 0 e e e 0 0 0 0 0
1 0 0 d 0 0 0 4 4 d 5 1 5 4 5 4 0 4 0 2 5 0 b c 0 0 0 1 6 3
1 0 0 d 0 0 0 4 4 d 5 1 5 4 5 4 0 4 0 0 a 9 2 b 0 0 0 1 7 3
1 0 0 c 0 0 0 4 4 d 5 1 5 4 5 4 0 4 0 0 e e d b 0 0 0 0
1 0 0 c 0 0 0 4 4 d 5 1 5 4 5 4 0 4 0 0 9 8 1 b 0 0 0 0
1 0 0 c 0 0 0 4 4 d 5 1 5 4 5 4 0 4 0 2 7 0 0 1 0 0 0 0
1 0 0 c 0 0 0 4 4 d 5 1 5 4 5 4 0 4 0 0 a 5 0 4 0 0 0 0
1 0 0 c 0 0 0 4 4 d 5 1 5 4 5 4 0 4 0 2 d 2 2 c 0 0 0 0
1 0 0 d 0 0 0 4 4 d 5 1 5 4 5 4 0 4 0 2 0 e 4 4 0 0 0 1 7 0
1 0 0 c 0 0 0 4 4 d 5 1 5 4 5 4 0 4 0 2 4 5 2 c 0 0 0 0
1 0 0 d 0 0 0 4 4 d 5 1 5 4 5 4 0 4 0 0 c f e 8 0 0 0 1 7 8
1 0 0 d 0 0 0 4 4 d 5 1 5 4 5 4 0 4 0 0 5 5 e 0 0 0 0 1 7 3
1 0 0 c 0 0 0 4 4 d 5 1 5 4 5 4 0 4 0 2 2 6 7 c 0 0 0 0
1 0 0 d 0 0 0 4 4 d 5 1 5 4 5 4 0 4 0 2 f b 6 b 0 0 0 1 5 6
1 0 0 d 0 0 0 4 4 d 5 1 5 4 5 4 0 4 0 0 2 b 2 b 0 0 0 1 7 5
1 0 0 c 0 0 0 4 4 d 5 1 5 4 5 4 0 4 0 0 8 2 d 3 0 0 0 0
1 0 0 c 0 0 0 4 4 d 5 1 5 4 5 4 0 4 0 2 6 f 7 b 0 0 0 0
1 0 0 c 0 0 0 4 4 d 5 1 5 4 5 4 0 4 0 0 d 7 c 9 0 0 0 0
1 0 0 c 0 0 0 4 4 d 5 1 5 4 5 4 0 4 0 2 4 8 3 4 0 0 0 0
1 0 0 d 0 0 0 4 4 d 5 1 5 4 5 4 0 4 0 0 1 5 d d 0 0 0 1 7 a
1 0 0 d 0 0 0 4 4 d 5 1 5 4 5 4 0 4 0 2 a 9 b e 0 0 0 1 4 6
1 0 0 d 0 0 0 4 4 d 5 1 5 4 5 4 0 4 0 0 c 3 c 1 0 0 0 1 5 9
1 0 0 d 0 0 0 4 4 d 5 1 5 4 5 4 0 4 0 0 5 2 1 2 0 0 0 1 5 7
1 0 0 d 0 0 0 4 4 d 5 1 5 4 5 4 0 4 0 0 2 c 6 2 0 0 0 1 5 6
1 0 0 c 0 0 0 4 4 d 5 1 5 4 5 4 0 4 0 2 4 e 1 7 0 0 0 0
1 0 0 d 0 0 0 4 4 d 5 1 5 4 5 4 0 4 0 2 d b b 5 0 0 0 1 6 d
1 0 0 d 0 0 0 4 4 d 5 1 5 4 5 4 0 4 0 0 6 f 0 4 0 0 0 1 6 1
1 0 0 c 0 0 0 4 4 d 5 1 5 4 5 4 0 4 0 0 e d 0 5 0 0 0 0
1 0 0 d 0 0 0 4 4 d 5 1 5 4 5 4 0 4 0 2 4 3 4 f 0 0 0 1 4 e
1 0 0 d 0 0 0 4 4 d 5 1 5 4 5 4 0 4 0 2 1 7 1 2 0 0 0 1 4 b
1 0 0 c 0 0 0 4 4 d 5 1 5 4 5 4 0 4 0 0 0 3 8 f 0 0 0 0
1 0 0 c 0 0 0 4 4 d 5 1 5 4 5 4 0 4 0 0 9 3 6 1 0 0 0 0
1 0 0 d 0 0 0 4 4 d 5 1 5 4 5 4 0 4 0 2 7 b b 2 0 0 0 1 6 c
1 0 0 c 0 0 0 4 4 d 5 1 5 4 5 4 0 4 0 0 8 0 a c 0 0 0 0
1 0 0 d 0 0 0 4 4 d 5 1 5 4 5 4 0 4 0 0 3 1 7 2 0 0 0 1 4 6
1 0 0 d 0 0 0 4 4 d 5 1 5 4 5 4 0 4 0 0 f 0 9 b 0 0 0 1 7 9
1 0 0 d 0 0 0 4 4 d 5 1 5 4 5 4 0 4 0 0 e 5 7 f 0 0 0 1 6 2
1 0 0 d 0 0 0 4 4 d 5 1 5 4 5 4 0 4 0 0 3 a e 1 0 0 0 1 4 e
1 0 0 d 0 0 0 4 4 d 5 1 5 4 5 4 0 4 0 2 a 2 5 4 0 0 0 1 3 8
1 0 0 c 0 0 0 4 4 d 5 1 5 4 5 4 0 4 0 0 e f 4 a 0 0 0 0
1 0 0 c 0 0 0 4 4 d 5 1 5 4 5 4 0 4 0 2 6 4 7 4 0 0 0 0
1 0 0 d 0 0 0 4 4 d 5 1 5 4 5 4 0 4 0 0 3 e e d 0 0 0 1 3 9
1 0 0 c 0 0 0 4 4 d 5 1 5 4 5 4 0 4 0 0 6 8 3 1 0 0 0 0
1 0 0 c 0 0 0 4 4 d 5 1 5 4 5 4 0 4 0 2 6 7 6 5 0 0 0 0
1 0 0 d 0 0 0 4 4 d 5 1 5 4 5 4 0 4 0 0 a 2 3 6 0 0 0 1 4 8
1 0 0 d 0 0 0 4 4 d 5 1 5 4 5 4 0 4 0 0 4 3 b f 0 0 0 1 6 c
1 0 0 d 0 0 0 4 4 d 5 1 5 4 5 4 0 4 0 0 1 e d 6 0 0 0 1 5 8
1 0 0 c 0 0 0 4 4 d 5 1 5 4 5 4 0 4 0 2 c 1 5 5 0 0 0 0
1 0 0 d 0 0 0 4 4 d 5 1 5 4 5 4 0 4 0 2 2 d b 6 0 0 0 1 3 1
1 0 0 d 0 0 0 4 4 d 5 1 5 4 5 4 0 4 0 0 c d e 2 0 0 0 1 5 4
1 0 0 c 0 0 0 4 4 d 5 1 5 4 5 4 0 4 0 2 7 d 5 c 0 0 0 0
1 0 0 c 0 0 0 4 4 d 5 1 5 4 5 4 0 4 0 2 6 c 8 2 0 0 0 0
1 0 0 d 0 0 0 4 4 d 5 1 5 4 5 4 0 4 0 0 3 f 0 8 0 0 0 1 5 9
1 0 0 d 0 0 0 4 4 d 5 1 5 4 5 4 0 4 0 2 7 b c 5 0 0 0 1 6 a
1 0 0 d 0 0 0 4 4 d 5 1 5 4 5 4 0 4 0 0 7 d 5 e 0 0 0 1 6 8
1 0 0 d 0 0 0 4 4 d 5 1 5 4 5 4 0 4 0 2 7 7 5 1 0 0 0 1 4 7
1 0 0 c 0 0 0 4 4 d 5 1 5 4 5 4 0 4 0 0 6 f 0 0 0 0 0 0
1 0 0 d 0 0 0 4 4 d 5 1 5 4 5 4 0 4 0 2 2 a b 6 0 0 0 1 7 9
1 0 0 c 0 0 0 4 4 d 5 1 5 4 5 4 0 4 0 0 0 6 c 1 0 0 0 0
1 0 0 c 0 0 0 4 4 d 5 1 5 4 5 4 0 4 0 0 d 8 2 4 0 0 0 0
1 0 0 d 0 0 0 4 4 d 5 1 5 4 5 4 0 4 0 0 7 e 1 8 0 0 0 1 4 e
1 0 0 c 0 0 0 4 4 d 5 1 5 4 5 4 0 4 0 2 6 1 f a 0 0 0 0
1 0 0 c 0 0 0 4 4 d 5 1 5 4 5 4 0 4 0 0 4 f e f 0 0 0 0
1 0 0 d 0 0 0 4 4 d 5 1 5 4 5 4 0 4 0 0 e 7 7 8 0 0 0 1 4 b
1 0 0 d 0 0 0 4 4 d 5 1 5 4 5 4 0 4 0 0 7 7 6 f 0 0 0 1 6 7
1 0 0 c 0 0 0 4 4 d 5 1 5 4 5 4 0 4 0 0 c d 3 a 0 0 0 0
1 0 0 d 0 0 0 4 4 d 5 1 5 4 5 4 0 4 0 2 8 5 b 2 0 0 0 1 7 0
1 0 0 d 0 0 0 4 4 d 5 1 5 4 5 4 0 4 0 2 b 8 b 7 0 0 0 1 5 6
1 0 0 d 0 0 0 4 4 d 5 1 5 4 5 4 0 4 0 0 f 6 e 0 0 0 0 1 6 4
1 0 0 d 0 0 0 4 4 d 5 1 5 4 5 4 0 4 0 0 8 6 e d 0 0 0 1 7 4
1 0 0 d 0 0 0 4 4 d 5 1 5 4 5 4 0 4 0 0 f 3 7 2 0 0 0 1 3 0
1 0 0 d 0 0 0 4 4 d 5 1 5 4 5 4 0 4 0 0 c e 9 8 0 0 0 1 6 7
1 0 0 c 0 0 0 4 4 d 5 1 5 4 5 4 0 4 0 0 f b 5 5 0 0 0 0
1 0 0 c 0 0 0 4 4 d 5 1 5 4 5 4 0 4 0 0 3 f 1 d 0 0 0 0
1 0 0 c 0 0 0 4 4 d 5 1 5 4 5 4 0 4 0 2 d 7 8 f 0 0 0 0
1 0 0 c 0 0 0 4 4 d 5 1 5 4 5 4 0 4 0 0 2 9 5 7 0 0 0 0
1 0 0 c 0 0 0 4 4 d 5 1 5 4 5 4 0 4 0 2 0 0 4 6 0 0 0 0
1 0 0 c 0 0 0 4 4 d 5 1 5 4 5 4 0 4 0 2 6 c 4 5 0 0 0 0
1 0 0 d 0 0 0 4 4 d 5 1 5 4 5 4 0 4 0 2 4 9 0 d 0 0 0 1 3 2
1 0 0 c 0 0 0 4 4 d 5 1 5 4 5 4 0 4 0 2 a 7 0 4 0 0 0 0
1 0 0 d 0 0 0 4 4 d 5 1 5 4 5 4 0 4 0 0 b c b e 0 0 0 1 6 f
1 0 0 c 0 0 0 4 4 d 5 1 5 4 5 4 0 4 0 2 4 9 f 8 0 0 0 0
1 0 0 c 0 0 0 4 4 d 5 1 5 4 5 4 0 4 0 2 1 2 9 2 0 0 0 0
1 0 0 c 0 0 0 4 4 d 5 1 5 4 5 4 0 4 0 2 7 e 5 7 0 0 0 0
1 0 0 d 0 0 0 4 4 d 5 1 5 4 5 4 0 4 0 2 8 8 7 e 0 0 0 1 5 6
1 0 0 d 0 0 0 4 4 d 5 1 5 4 5 4 0 4 0 2 c 3 0 b 0 0 0 1 3 9
1 0 0 d 0 0 0 4 4 d 5 1 5 4 5 4 0 4 0 2 5 6 c 1 0 0 0 1 3 2
1 0 0 c 0 0 0 4 4 d 5 1 5 4 5 4 0 4 0 2 c 2 6 a 0 0 0 0
1 0 0 d 0 0 0 4 4 d 5 1 5 4 5 4 0 4 0 2 b 6 8 9 0 0 0 1 6 c
1 0 0 d 0 0 0 4 4 d 5 1 5 4 5 4 0 4 0 0 5 e c 5 0 0 0 1 5 7
1 0 0 c 0 0 0 4 4 d 5 1 5 4 5 4 0 4 0 0 a d 5 9 0 0 0 0
1 0 0 d 0 0 0 4 4 d 5 1 5 4 5 4 0 4 0 2 8 2 f 2 0 0 0 1 3 4
1 0 0 c 0 0 0 4 4 d 5 1 5 4 5 4 0 4 0 2 b 4 f 2 0 0 0 0
1 0 0 c 0 0 0 4 4 d 5 1 5 4 5 4 0 4 0 2 a e c 8 0 0 0 0
1 0 0 d 0 0 0 4 4 d 5 1 5 4 5 4 0 4 0 2 6 b c a 0 0 0 1 6 2
1 0 0 c 0 0 0 4 4 d 5 1 5 4 5 4 0 4 0 2 7 7 8 5 0 0 0 0
1 0 0 c 0 0 0 4 4 d 5 1 5 4 5 4 0 4 0 0 c a b 4 0 0 0 0
1 0 0 d 0 0 0 4 4 d 5 1 5 4 5 4 0 4 0 0 f 8 e 5 0 0 0 1 3 2
1 0 0 c 0 0 0 4 4 d 5 1 5 4 5 4 0 4 0 2 a f f 9 0 0 0 0
1 0 0 c 0 0 0 4 4 d 5 1 5 4 5 4 0 4 0 0 3 0 9 4 0 0 0 0
1 0 0 d 0 0 0 4 4 d 5 1 5 4 5 4 0 4 0 2 3 3 b 9 0 0 0 1 6 5
1 0 0 d 0 0 0 4 4 d 5 1 5 4 5 4 0 4 0 2 a 1 e 6 0 0 0 1 6 1
1 0 0 c 0 0 0 4 4 d 5 1 5 4 5 4 0 4 0 2 e 0 f 6 0 0 0 0
1 0 0 c 0 0 0 4 4 d 5 1 5 4 5 4 0 4 0 0 6 a c f 0 0 0 0
1 0 0 d 0 0 0 4 4 d 5 1 5 4 5 4 0 4 0 0 6 7 9 8 0 0 0 1 4 e
1 0 0 c 0 0 0 4 4 d 5 1 5 4 5 4 0 4 0 0 2 d 8 2 0 0 0 0
1 0 0 c 0 0 0 4 4 d 5 1 5 4 5 4 0 4 0 0 4 d 1 2 0 0 0 0
1 0 0 d 0 0 0 4 4 d 5 1 5 4 5 4 0 4 0 2 6 f 9 8 0 0 0 1 7 7
1 0 0 d 0 0 0 4 4 d 5 1 5 4 5 4 0 4 0 2 1 a 4 b 0 0 0 1 3 5
1 0 0 c 0 0 0 4 4 d 5 1 5 4 5 4 0 4 0 0 2 9 f f 0 0 0 0
1 0 0 d 0 0 0 4 4 d 5 1 5 4 5 4 0 4 0 2 e 2 2 8 0 0 0 1 6 6
1 0 0 d 0 0 0 4 4 d 5 1 5 4 5 4 0 4 0 0 e 4 6 7 0 0 0 1 4 4
1 0 0 d 0 0 0 4 4 d 5 1 5 4 5 4 0 4 0 2 0 a d 2 0 0 0 1 5 4
1 0 0 d 0 0 0 4 4 d 5 1 5 4 5 4 0 4 0 0 8 9 a 3 0 0 0 1 3 3
1 0 0 c 0 0 0 4 4 d 5 1 5 4 5 4 0 4 0 0 1 d 7 6 0 0 0 0
1 0 0 c 0 0 0 4 4 d 5 1 5 4 5 4 0 4 0 0 f b f 9 0 0 0 0
1 0 0 d 0 0 0 4 4 d 5 1 5 4 5 4 0 4 0 2 3 d 7 d 0 0 0 1 6 a
1 0 0 c 0 0 0 4 4 d 5 1 5 4 5 4 0 4 0 0 f 3 4 a 0 0 0 0
1 0 0 c 0 0 0 4 4 d 5 1 5 4 5 4 0 4 0 0 9 d f 5 0 0 0 0
1 0 0 c 0 0 0 4 4 d 5 1 5 4 5 4 0 4 0 2 8 f 6 a 0 0 0 0
1 0 0 c 0 0 0 4 4 d 5 1 5 4 5 4 0 4 0 2 1 a f 8 0 0 0 0
1 0 0 d 0 0 0 4 4 d 5 1 5 4 5 4 0 4 0 0 e a 2 a 0 0 0 1 6 1
1 0 0 d 0 0 0 4 4 d 5 1 5 4 5 4 0 4 0 2 f c f f 0 0 0 1 6 9
1 0 0 d 0 0 0 4 4 d 5 1 5 4 5 4 0 4 0 0 3 7 e 8 0 0 0 1 6 9
1 0 0 d 0 0 0 4 4 d 5 1 5 4 5 4 0 4 0 2 a 7 2 e 0 0 0 1 4 a
1 0 0 c 0 0 0 4 4 d 5 1 5 4 5 4 0 4 0 2 5 a 8 b 0 0 0 0
1 0 0 c 0 0 0 4 4 d 5 1 5 4 5 4 0 4 0 0 b 2 c 2 0 0 0 0
1 0 0 d 0 0 0 4 4 d 5 1 5 4 5 4 0 4 0 0 d 7 9 f 0 0 0 1 3 3
1 0 0 c 0 0 0 4 4 d 5 1 5 4 5 4 0 4 0 0 4 d f a 0 0 0 0
1 0 0 d 0 0 0 4 4 d 5 1 5 4 5 4 0 4 0 0 d 7 a a 0 0 0 1 7 1
1 0 0 c 0 0 0 4 4 d 5 1 5 4 5 4 0 4 0 2 e e f 7 0 0 0 0
1 0 0 c 0 0 0 4 4 d 5 1 5 4 5 4 0 4 0 0 9 9 e c 0 0 0 0
1 0 0 d 0 0 0 4 4 d 5 1 5 4 5 4 0 4 0 2 6 3 5 4 0 0 0 1 4 2
1 0 0 d 0 0 0 4 4 d 5 1 5 4 5 4 0 4 0 2 f 8 1 2 0 0 0 1 4 3
1 0 0 c 0 0 0 4 4 d 5 1 5 4 5 4 0 4 0 0 8 4 2 b 0 0 0 0
1 0 0 c 0 0 0 4 4 d 5 1 5 4 5 4 0 4 0 0 d 3 f f 0 0 0 0
1 0 0 d 0 0 0 4 4 d 5 1 5 4 5 4 0 4 0 2 f 8 0 c 0 0 0 1 4 c
1 0 0 d 0 0 0 4 4 d 5 1 5 4 5 4 0 4 0 2 e 0 b c 0 0 0 1 6 8
1 0 0 d 0 0 0 4 4 d 5 1 5 4 5 4 0 4 0 2 d 1 5 3 0 0 0 1 7 7
1 0 0 c 0 0 0 4 4 d 5 1 5 4 5 4 0 4 0 2 9 3 7 0 0 0 0 0
1 0 0 d 0 0 0 4 4 d 5 1 5 4 5 4 0 4 0 2 f e 8 5 0 0 0 1 3 3
1 0 0 c 0 0 0 4 4 d 5 1 5 4 5 4 0 4 0 2 b d 4 e 0 0 0 0
1 0 0 d 0 0 0 4 4 d 5 1 5 4 5 4 0 4 0 0 4 c 8 a 0 0 0 1 5 2
1 0 0 d 0 0 0 4 4 d 5 1 5 4 5 4 0 4 0 0 6 a a 7 0 0 0 1 3 4
1 0 0 c 0 0 0 4 4 d 5 1 5 4 5 4 0 4 0 0 9 2 1 8 0 0 0 0
1 0 0 d 0 0 0 4 4 d 5 1 5 4 5 4 0 4 0 2 3 9 4 5 0 0 0 1 4 d
1 0 0 d 0 0 0 4 4 d 5 1 5 4 5 4 0 4 0 2 e 5 d 0 0 0 0 1 5 3
1 0 0 d 0 0 0 4 4 d 5 1 5 4 5 4 0 4 0 0 e f 9 7 0 0 0 1 7 0
1 0 0 c 0 0 0 4 4 d 5 1 5 4 5 4 0 4 0 0 1 6 2 4 0 0 0 0
1 0 0 c 0 0 0 4 4 d 5 1 5 4 5 4 0 4 0 2 9 e e d 0 0 0 0
1 0 0 c 0 0 0 4 4 d 5 1 5 4 5 4 0 4 0 0 6 b d 5 0 0 0 0
1 0 0 c 0 0 0 4 4 d 5 1 5 4 5 4 0 4 0 2 f d 4 e 0 0 0 0
1 0 0 c 0 0 0 4 4 d 5 1 5 4 5 4 0 4 0 0 f b b d 0 0 0 0
1 0 0 c 0 0 0 4 4 d 5 1 5 4 5 4 0 4 0 2 4 b b 1 0 0 0 0
1 0 0 c 0 0 0 4 4 d 5 1 5 4 5 4 0 4 0 0 b 8 e 0 0 0 0 0
1 0 0 c 0 0 0 4 4 d 5 1 5 4 5 4 0 4 0 0 d 3 d b 0 0 0 0
1 0 0 d 0 0 0 4 4 d 5 1 5 4 5 4 0 4 0 2 0 2 b 2 0 0 0 1 3 9
1 0 0 c 0 0 0 4 4 d 5 1 5 4 5 4 0 4 0 2 7 6 4 b 0 0 0 0
1 0 0 c 0 0 0 4 4 d 5 1 5 4 5 4 0 4 0 2 2 8 a f 0 0 0 0
1 0 0 c 0 0 0 4 4 d 5 1 5 4 5 4 0 4 0 0 1 c 7 e 0 0 0 0
1 0 0 d 0 0 0 4 4 d 5 1 5 4 5 4 0 4 0 2 0 a a d 0 0 0 1 4 3
1 0 0 d 0 0 0 4 4 d 5 1 5 4 5 4 0 4 0 2 d f 8 4 0 0 0 1 4 f
1 0 0 c 0 0 0 4 4 d 5 1 5 4 5 4 0 4 0 2 0 4 0 d 0 0 0 0
1 0 0 c 0 0 0 4 4 d 5 1 5 4 5 4 0 4 0 0 4 d 8 0 0 0 0 0
1 0 0 c 0 0 0 4 4 d 5 1 5 4 5 4 0 4 0 0 7 2 6 8 0 0 0 0
1 0 0 c 0 0 0 4 4 d 5 1 5 4 5 4 0 4 0 0 3 6 f e 0 0 0 0
1 0 0 c 0 0 0 4 4 d 5 1 5 4 5 4 0 4 0 2 b d f 7 0 0 0 0
1 0 0 d 0 0 0 4 4 d 5 1 5 4 5 4 0 4 0 0 f c f c 0 0 0 1 5 1
1 0 0 d 0 0 0 4 4 d 5 1 5 4 5 4 0 4 0 0 d 4 6 1 0 0 0 1 4 d
1 0 0 d 0 0 0 4 4 d 5 1 5 4 5 4 0 4 0 0 3 c b c 0 0 0 1 6 7
1 0 0 c 0 0 0 4 4 d 5 1 5 4 5 4 0 4 0 0 8 4 4 d 0 0 0 0
1 0 0 c 0 0 0 4 4 d 5 1 5 4 5 4 0 4 0 2 9 c f b 0 0 0 0
1 0 0 c 0 0 0 4 4 d 5 1 5 4 5 4 0 4 0 2 d 7 e 2 0 0 0 0
1 0 0 c 0 0 0 4 4 d 5 1 5 4 5 4 0 4 0 0 a 6 1 d 0 0 0 0
1 0 0 d 0 0 0 4 4 d 5 1 5 4 5 4 0 4 0 2 6 3 4 7 0 0 0 1 4 3
1 0 0 c 0 0 0 4 4 d 5 1 5 4 5 4 0 4 0 0 f b 7 f 0 0 0 0
1 0 0 c 0 0 0 4 4 d 5 1 5 4 5 4 0 4 0 0 3 3 6 c 0 0 0 0
1 0 0 c 0 0 0 4 4 d 5 1 5 4 5 4 0 4 0 0 2 0 1 4 0 0 0 0
1 0 0 d 0 0 0 4 4 d 5 1 5 4 5 4 0 4 0 0 4 b 0 b 0 0 0 1 7 1
1 0 0 d 0 0 0 4 4 d 5 1 5 4 5 4 0 4 0 2 b d 8 4 0 0 0 1 4 e
1 0 0 d 0 0 0 4 4 d 5 1 5 4 5 4 0 4 0 2 6 f c c 0 0 0 1 4 f
1 0 0 d 0 0 0 4 4 d 5 1 5 4 5 4 0 4 0 2 c 5 6 a 0 0 0 1 6 2
1 0 0 d 0 0 0 4 4 d 5 1 5 4 5 4 0 4 0 2 5 1 c c 0 0 0 1 6 f
1 0 0 d 0 0 0 4 4 d 5 1 5 4 5 4 0 4 0 2 6 8 f c 0 0 0 1 6 d
1 0 0 c 0 0 0 4 4 d 5 1 5 4 5 4 0 4 0 2 1 8 0 d 0 0 0 0
1 0 0 c 0 0 0 4 4 d 5 1 5 4 5 4 0 4 0 2 2 2 d a 0 0 0 0
1 0 0 c 0 0 0 4 4 d 5 1 5 4 5 4 0 4 0 2 e 3 1 c 0 0 0 0
1 0 0 c 0 0 0 4 4 d 5 1 5 4 5 4 0 4 0 0 2 8 8 9 0 0 0 0
1 0 0 d 0 0 0 4 4 d 5 1 5 4 5 4 0 4 0 2 8 1 f a 0 0 0 1 4 b
1 0 0 d 0 0 0 4 4 d 5 1 5 4 5 4 0 4 0 2 0 3 a 6 0 0 0 1 6 2
1 0 0 d 0 0 0 4 4 d 5 1 5 4 5 4 0 4 0 0 d 7 1 5 0 0 0 1 6 4
1 0 0 c 0 0 0 4 4 d 5 1 5 4 5 4 0 4 0 0 3 a 1 e 0 0 0 0
1 0 0 d 0 0 0 4 4 d 5 1 5 4 5 4 0 4 0 0 4 7 7 8 0 0 0 1 4 b
1 0 0 d 0 0 0 4 4 d 5 1 5 4 5 4 0 4 0 0 e 6 0 b 0 0 0 1 6 7
1 0 0 c 0 0 0 4 4 d 5 1 5 4 5 4 0 4 0 0 6 7 a 4 0 0 0 0
1 0 0 c 0 0 0 4 4 d 5 1 5 4 5 4 0 4 0 2 c 8 5 d 0 0 0 0
1 0 0 c 0 0 0 4 4 d 5 1 5 4 5 4 0 4 0 2 f 6 d 8 0 0 0 0
1 0 0 d 0 0 0 4 4 d 5 1 5 4 5 4 0 4 0 2 6 e 4 8 0 0 0 1 4 7
1 0 0 c 0 0 0 4 4 d 5 1 5 4 5 4 0 4 0 0 0 a b 7 0 0 0 0
1 0 0 d 0 0 0 4 4 d 5 1 5 4 5 4 0 4 0 0 1 8 0 7 0 0 0 1 4 8
1 0 0 d 0 0 0 4 4 d 5 1 5 4 5 4 0 4 0 0 5 8 8 6 0 0 0 1 6 5
1 0 0 c 0 0 0 4 4 d 5 1 5 4 5 4 0 4 0 2 1 e 2 1 0 0 0 0
1 0 0 c 0 0 0 4 4 d 5 1 5 4 5 4 0 4 0 0 0 e 5 9 0 0 0 0
1 0 0 d 0 0 0 4 4 d 5 1 5 4 5 4 0 4 0 2 2 f 5 5 0 0 0 1 4 4
1 0 0 c 0 0 0 4 4 d 5 1 5 4 5 4 0 4 0 0 0 c 9 0 0 0 0 0
1 0 0 c 0 0 0 4 4 d 5 1 5 4 5 4 0 4 0 0 3 a 6 c 0 0 0 0
1 0 0 d 0 0 0 4 4 d 5 1 5 4 5 4 0 4 0 0 3 1 6 6 0 0 0 1 7 7
1 0 0 c 0 0 0 4 4 d 5 1 5 4 5 4 0 4 0 0 e 6 9 b 0 0 0 0
1 0 0 d 0 0 0 4 4 d 5 1 5 4 5 4 0 4 0 2 3 d d d 0 0 0 1 5 6
1 0 0 d 0 0 0 4 4 d 5 1 5 4 5 4 0 4 0 2 b 2 2 c 0 0 0 1 4 6
1 0 0 c 0 0 0 4 4 d 5 1 5 4 5 4 0 4 0 0 3 e f 1 0 0 0 0
1 0 0 d 0 0 0 4 4 d 5 1 5 4 5 4 0 4 0 0 3 f 3 0 0 0 0 1 7 4
1 0 0 d 0 0 0 4 4 d 5 1 5 4 5 4 0 4 0 2 0 f 5 9 0 0 0 1 6 9
1 0 0 c 0 0 0 4 4 d 5 1 5 4 5 4 0 4 0 2 0 1 4 5 0 0 0 0
1 0 0 d 0 0 0 4 4 d 5 1 5 4 5 4 0 4 0 0 c a e f 0 0 0 1 6 f
1 0 0 c 0 0 0 4 4 d 5 1 5 4 5 4 0 4 0 0 e 4 e 4 0 0 0 0
1 0 0 d 0 0 0 4 4 d 5 1 5 4 5 4 0 4 0 2 c f 2 6 0 0 0 1 4 a
1 0 0 d 0 0 0 4 4 d 5 1 5 4 5 4 0 4 0 0 3 4 b 4 0 0 0 1 5 7
1 0 0 c 0 0 0 4 4 d 5 1 5 4 5 4 0 4 0 0 7 a f a 0 0 0 0
1 0 0 d 0 0 0 4 4 d 5 1 5 4 5 4 0 4 0 0 6 0 e 1 0 0 0 1 3 2
1 0 0 c 0 0 0 4 4 d 5 1 5 4 5 4 0 4 0 0 f 7 c 1 0 0 0 0
1 0 0 d 0 0 0 4 4 d 5 1 5 4 5 4 0 4 0 0 b 1 e 6 0 0 0 1 5 5
1 0 0 d 0 0 0 4 4 d 5 1 5 4 5 4 0 4 0 0 a c a d 0 0 0 1 4 7
1 0 0 c 0 0 0 4 4 d 5 1 5 4 5 4 0 4 0 0 1 7 c 3 0 0 0 0
1 0 0 c 0 0 0 4 4 d 5 1 5 4 5 4 0 4 0 0 2 f 4 3 0 0 0 0
1 0 0 c 0 0 0 4 4 d 5 1 5 4 5 4 0 4 0 2 c 9 d 2 0 0 0 0
1 0 0 c 0 0 0 4 4 d 5 1 5 4 5 4 0 4 0 0 8 8 7 3 0 0 0 0
1 0 0 d 0 0 0 4 4 d 5 1 5 4 5 4 0 4 0 2 b c 1 a 0 0 0 1 6 c
1 0 0 d 0 0 0 4 4 d 5 1 5 4 5 4 0 4 0 2 f 2 b 1 0 0 0 1 6 e
1 0 0 d 0 0 0 4 4 d 5 1 5 4 5 4 0 4 0 0 5 0 f 3 0 0 0 1 4 5
1 0 0 c 0 0 0 4 4 d 5 1 5 4 5 4 0 4 0 0 5 f 7 c 0 0 0 0
1 0 0 d 0 0 0 4 4 d 5 1 5 4 5 4 0 4 0 0 5 e d 2 0 0 0 1 6 5
1 0 0 c 0 0 0 4 4 d 5 1 5 4 5 4 0 4 0 0 3 c 5 7 0 0 0 0
1 0 0 c 0 0 0 4 4 d 5 1 5 4 5 4 0 4 0 2 4 f f 9 0 0 0 0
1 0 0 d 0 0 0 4 4 d 5 1 5 4 5 4 0 4 0 0 2 0 c 9 0 0 0 1 3 5
1 0 0 c 0 0 0 4 4 d 5 1 5 4 5 4 0 4 0 0 d b 0 4 0 0 0 0
1 0 0 d 0 0 0 4 4 d 5 1 5 4 5 4 0 4 0 0 5 9 6 f 0 0 0 1 5 0
1 0 0 d 0 0 0 4 4 d 5 1 5 4 5 4 0 4 0 0 5 f 4 f 0 0 0 1 5 4
1 0 0 d 0 0 0 4 4 d 5 1 5 4 5 4 0 4 0 0 f 8 a 8 0 0 0 1 3 3
1 0 0 d 0 0 0 4 4 d 5 1 5 4 5 4 0 4 0 0 8 2 3 7 0 0 0 1 7 7
1 0 0 c 0 0 0 4 4 d 5 1 5 4 5 4 0 4 0 0 6 4 5 0 0 0 0 0
1 0 0 c 0 0 0 4 4 d 5 1 5 4 5 4 0 4 0 0 e 1 6 d 0 0 0 0
1 0 0 d 0 0 0 4 4 d 5 1 5 4 5 4 0 4 0 0 6 3 5 b 0 0 0 1 3 2
1 0 0 c 0 0 0 4 4 d 5 1 5 4 5 4 0 4 0 2 a 4 4 0 0 0 0 0
1 0 0 d 0 0 0 4 4 d 5 1 5 4 5 4 0 4 0 0 2 6 c c 0 0 0 1 6 d
1 0 0 c 0 0 0 4 4 d 5 1 5 4 5 4 0 4 0 0 0 2 d b 0 0 0 0
1 0 0 d 0 0 0 4 4 d 5 1 5 4 5 4 0 4 0 2 4 e a 4 0 0 0 1 4 a
1 0 0 c 0 0 0 4 4 d 5 1 5 4 5 4 0 4 0 2 7 4 7 a 0 0 0 0
1 0 0 d 0 0 0 4 4 d 5 1 5 4 5 4 0 4 0 0 f 2 3 3 0 0 0 1 3 0
1 0 0 d 0 0 0 4 4 d 5 1 5 4 5 4 0 4 0 0 d c 5 e 0 0 0 1 7 0
1 0 0 c 0 0 0 4 4 d 5 1 5 4 5 4 0 4 0 2 7 a 2 8 0 0 0 0
1 0 0 d 0 0 0 4 4 d 5 1 5 4 5 4 0 4 0 2 c 4 0 1 0 0 0 1 7 6
1 0 0 d 0 0 0 4 4 d 5 1 5 4 5 4 0 4 0 0 4 2 3 9 0 0 0 1 6 4
1 0 0 d 0 0 0 4 4 d 5 1 5 4 5 4 0 4 0 0 b 7 2 7 0 0 0 1 4 5
1 0 0 c 0 0 0 4 4 d 5 1 5 4 5 4 0 4 0 0 e 9 c 4 0 0 0 0
1 0 0 d 0 0 0 4 4 d 5 1 5 4 5 4 0 4 0 2 d d 1 6 0 0 0 1 7 1
1 0 0 d 0 0 0 4 4 d 5 1 5 4 5 4 0 4 0 2 0 7 3 5 0 0 0 1 7 2
1 0 0 d 0 0 0 4 4 d 5 1 5 4 5 4 0 4 0 2 c 8 6 f 0 0 0 1 7 6
1 0 0 d 0 0 0 4 4 d 5 1 5 4 5 4 0 4 0 2 5 5 2 c 0 0 0 1 7 6
1 0 0 d 0 0 0 4 4 d 5 1 5 4 5 4 0 4 0 2 0 5 1 b 0 0 0 1 5 2
1 0 0 c 0 0 0 4 4 d 5 1 5 4 5 4 0 4 0 0 2 0 f c 0 0 0 0
1 0 0 c 0 0 0 4 4 d 5 1 5 4 5 4 0 4 0 0 c 4 5 e 0 0 0 0
1 0 0 d 0 0 0 4 4 d 5 1 5 4 5 4 0 4 0 2 3 3 0 d 0 0 0 1 4 b
1 0 0 c 0 0 0 4 4 d 5 1 5 4 5 4 0 4 0 2 f 8 6 7 0 0 0 0
1 0 0 d 0 0 0 4 4 d 5 1 5 4 5 4 0 4 0 2 e 3 7 1 0 0 0 1 4 6
1 0 0 c 0 0 0 4 4 d 5 1 5 4 5 4 0 4 0 0 8 2 3 b 0 0 0 0
1 0 0 d 0 0 0 4 4 d 5 1 5 4 5 4 0 4 0 2 2 a 6 e 0 0 0 1 6 d
1 0 0 d 0 0 0 4 4 d 5 1 5 4 5 4 0 4 0 0 d c 0 0 0 0 0 1 6 8
1 0 0 d 0 0 0 4 4 d 5 1 5 4 5 4 0 4 0 0 8 5 3 3 0 0 0 1 6 c
1 0 0 c 0 0 0 4 4 d 5 1 5 4 5 4 0 4 0 2 8 0 1 a 0 0 0 0
1 0 0 c 0 0 0 4 4 d 5 1 5 4 5 4 0 4 0 0 a 9 b f 0 0 0 0
1 0 0 c 0 0 0 4 4 d 5 1 5 4 5 4 0 4 0 0 5 1 a 9 0 0 0 0
1 0 0 d 0 0 0 4 4 d 5 1 5 4 5 4 0 4 0 0 1 6 b c 0 0 0 1 4 7
1 0 0 d 0 0 0 4 4 d 5 1 5 4 5 4 0 4 0 2 e 5 3 5 0 0 0 1 3 1
1 0 0 d 0 0 0 4 4 d 5 1 5 4 5 4 0 4 0 2 f 2 9 3 0 0 0 1 4 e
1 0 0 d 0 0 0 4 4 d 5 1 5 4 5 4 0 4 0 0 2 6 6 8 0 0 0 1 5 5
1 0 0 c 0 0 0 4 4 d 5 1 5 4 5 4 0 4 0 0 e 1 e f 0 0 0 0
1 0 0 c 0 0 0 4 4 d 5 1 5 4 5 4 0 4 0 0 1 7 f 0 0 0 0 0
1 0 0 c 0 0 0 4 4 d 5 1 5 4 5 4 0 4 0 2 d 8 8 e 0 0 0 0
1 0 0 c 0 0 0 4 4 d 5 1 5 4 5 4 0 4 0 0 6 c f c 0 0 0 0
1 0 0 d 0 0 0 4 4 d 5 1 5 4 5 4 0 4 0 2 8 a 6 b 0 0 0 1 5 3
1 0 0 c 0 0 0 4 4 d 5 1 5 4 5 4 0 4 0 0 1 0 4 1 0 0 0 0
1 0 0 d 0 0 0 4 4 d 5 1 5 4 5 4 0 4 0 2 4 d 0 1 0 0 0 1 5 6
1 0 0 d 0 0 0 4 4 d 5 1 5 4 5 4 0 4 0 2 1 3 a 0 0 0 0 1 7 6
1 0 0 c 0 0 0 4 4 d 5 1 5 4 5 4 0 4 0 0 0 a d 1 0 0 0 0
1 0 0 c 0 0 0 4 4 d 5 1 5 4 5 4 0 4 0 2 8 3 8 3 0 0 0 0
1 0 0 d 0 0 0 4 4 d 5 1 5 4 5 4 0 4 0 2 9 9 2 1 0 0 0 1 4 e
1 0 0 c 0 0 0 4 4 d 5 1 5 4 5 4 0 4 0 2 7 e f e 0 0 0 0
1 0 0 d 0 0 0 4 4 d 5 1 5 4 5 4 0 4 0 0 c d f 8 0 0 0 1 7 8
1 0 0 c 0 0 0 4 4 d 5 1 5 4 5 4 0 4 0 0 b 4 5 c 0 0 0 0
1 0 0 d 0 0 0 4 4 d 5 1 5 4 5 4 0 4 0 2 9 9 7 9 0 0 0 1 5 3
1 0 0 c 0 0 0 4 4 d 5 1 5 4 5 4 0 4 0 0 5 2 0 1 0 0 0 0
1 0 0 c 0 0 0 4 4 d 5 1 5 4 5 4 0 4 0 2 5 a 3 2 0 0 0 0
1 0 0 d 0 0 0 4 4 d 5 1 5 4 5 4 0 4 0 2 8 b 8 2 0 0 0 1 4 c
1 0 0 c 0 0 0 4 4 d 5 1 5 4 5 4 0 4 0 0 8 4 1 a 0 0 0 0
1 0 0 c 0 0 0 4 4 d 5 1 5 4 5 4 0 4 0 2 7 2 f 3 0 0 0 0
1 0 0 c 0 0 0 4 4 d 5 1 5 4 5 4 0 4 0 0 b 6 7 6 0 0 0 0
1 0 0 c 0 0 0 4 4 d 5 1 5 4 5 4 0 4 0 2 c 0 e b 0 0 0 0
1 0 0 d 0 0 0 4 4 d 5 1 5 4 5 4 0 4 0 2 4 c c 1 0 0 0 1 5 9
1 0 0 d 0 0 0 4 4 d 5 1 5 4 5 4 0 4 0 2 2 1 7 f 0 0 0 1 4 7
1 0 0 d 0 0 0 4 4 d 5 1 5 4 5 4 0 4 0 0 2 3 8 1 0 0 0 1 4 5
1 0 0 c 0 0 0 4 4 d 5 1 5 4 5 4 0 4 0 0 f b 9 3 0 0 0 0
1 0 0 c 0 0 0 4 4 d 5 1 5 4 5 4 0 4 0 0 e 1 c 1 0 0 0 0
1 0 0 c 0 0 0 4 4 d 5 1 5 4 5 4 0 4 0 2 4 c 6 2 0 0 0 0
1 0 0 c 0 0 0 4 4 d 5 1 5 4 5 4 0 4 0 2 8 f 6 1 0 0 0 0
1 0 0 c 0 0 0 4 4 d 5 1 5 4 5 4 0 4 0 2 3 0 b a 0 0 0 0
1 0 0 c 0 0 0 4 4 d 5 1 5 4 5 4 0 4 0 0 7 c c b 0 0 0 0
1 0 0 d 0 0 0 4 4 d 5 1 5 4 5 4 0 4 0 2 0 0 7 3 0 0 0 1 5 3
1 0 0 c 0 0 0 4 4 d 5 1 5 4 5 4 0 4 0 0 c 2 5 d 0 0 0 0
1 0 0 d 0 0 0 4 4 d 5 1 5 4 5 4 0 4 0 2 f e 2 f 0 0 0 1 3 9
1 0 0 d 0 0 0 4 4 d 5 1 5 4 5 4 0 4 0 0 c f d 3 0 0 0 1 5 9
1 0 0 d 0 0 0 4 4 d 5 1 5 4 5 4 0 4 0 2 5 3 1 0 0 0 0 1 7 0
1 0 0 d 0 0 0 4 4 d 5 1 5 4 5 4 0 4 0 0 f 9 0 4 0 0 0 1 4 5
1 0 0 d 0 0 0 4 4 d 5 1 5 4 5 4 0 4 0 0 3 9 5 b 0 0 0 1 5 1
1 0 0 d 0 0 0 4 4 d 5 1 5 4 5 4 0 4 0 2 d a 7 4 0 0 0 1 4 c
1 0 0 c 0 0 0 4 4 d 5 1 5 4 5 4 0 4 0 0 4 c 1 a 0 0 0 0
1 0 0 c 0 0 0 4 4 d 5 1 5 4 5 4 0 4 0 2 9 f 5 6 0 0 0 0
1 0 0 d 0 0 0 4 4 d 5 1 5 4 5 4 0 4 0 2 7 9 8 f 0 0 0 1 3 8
1 0 0 c 0 0 0 4 4 d 5 1 5 4 5 4 0 4 0 0 a 6 5 4 0 0 0 0
1 0 0 c 0 0 0 4 4 d 5 1 5 4 5 4 0 4 0 2 1 2 6 7 0 0 0 0
1 0 0 c 0 0 0 4 4 d 5 1 5 4 5 4 0 4 0 0 5 c 2 c 0 0 0 0
1 0 0 d 0 0 0 4 4 d 5 1 5 4 5 4 0 4 0 0 0 6 0 1 0 0 0 1 5 6
1 0 0 d 0 0 0 4 4 d 5 1 5 4 5 4 0 4 0 0 a a e 5 0 0 0 1 3 2
1 0 0 c 0 0 0 4 4 d 5 1 5 4 5 4 0 4 0 0 b 6 5 7 0 0 0 0
1 0 0 c 0 0 0 4 4 d 5 1 5 4 5 4 0 4 0 0 5 a 5 f 0 0 0 0
1 0 0 d 0 0 0 4 4 d 5 1 5 4 5 4 0 4 0 2 a d b 3 0 0 0 1 7 a
1 0 0 c 0 0 0 4 4 d 5 1 5 4 5 4 0 4 0 0 0 6 9 a 0 0 0 0
1 0 0 c 0 0 0 4 4 d 5 1 5 4 5 4 0 4 0 2 a 1 c b 0 0 0 0
1 0 0 c 0 0 0 4 4 d 5 1 5 4 5 4 0 4 0 2 1 3 b 7 0 0 0 0
1 0 0 c 0 0 0 4 4 d 5 1 5 4 5 4 0 4 0 0 3 1 1 f 0 0 0 0
1 0 0 c 0 0 0 4 4 d 5 1 5 4 5 4 0 4 0 2 d c 1 f 0 0 0 0
1 0 0 d 0 0 0 4 4 d 5 1 5 4 5 4 0 4 0 0 7 9 e 7 0 0 0 1 4 b
1 0 0 c 0 0 0 4 4 d 5 1 5 4 5 4 0 4 0 0 3 4 7 1 0 0 0 0
1 0 0 d 0 0 0 4 4 d 5 1 5 4 5 4 0 4 0 0 8 6 0 2 0 0 0 1 3 0
1 0 0 c 0 0 0 4 4 d 5 1 5 4 5 4 0 4 0 2 c e 8 f 0 0 0 0
1 0 0 d 0 0 0 4 4 d 5 1 5 4 5 4 0 4 0 0 a 1 5 8 0 0 0 1 6 5
1 0 0 c 0 0 0 4 4 d 5 1 5 4 5 4 0 4 0 2 6 4 c a 0 0 0 0
1 0 0 c 0 0 0 4 4 d 5 1 5 4 5 4 0 4 0 0 c 1 5 c 0 0 0 0
1 0 0 c 0 0 0 4 4 d 5 1 5 4 5 4 0 4 0 0 6 4 3 f 0 0 0 0
1 0 0 d 0 0 0 4 4 d 5 1 5 4 5 4 0 4 0 0 8 a 9 a 0 0 0 1 3 6
1 0 0 d 0 0 0 4 4 d 5 1 5 4 5 4 0 4 0 2 5 d 8 d 0 0 0 1 3 0
1 0 0 d 0 0 0 4 4 d 5 1 5 4 5 4 0 4 0 2 b 2 8 5 0 0 0 1 4 1
1 0 0 d 0 0 0 4 4 d 5 1 5 4 5 4 0 4 0 0 a 3 f 1 0 0 0 1 4 c
1 0 0 c 0 0 0 4 4 d 5 1 5 4 5 4 0 4 0 0 5 1 5 e 0 0 0 0
1 0 0 c 0 0 0 4 4 d 5 1 5 4 5 4 0 4 0 2 f a 1 8 0 0 0 0
1 0 0 d 0 0 0 4 4 d 5 1 5 4 5 4 0 4 0 0 9 0 d 7 0 0 0 1 4 d
1 0 0 d 0 0 0 4 4 d 5 1 5 4 5 4 0 4 0 2 5 c 6 e 0 0 0 1 5 6
1 0 0 c 0 0 0 4 4 d 5 1 5 4 5 4 0 4 0 0 8 9 a e 0 0 0 0
1 0 0 d 0 0 0 4 4 d 5 1 5 4 5 4 0 4 0 2 b 4 1 f 0 0 0 1 6 6
1 0 0 c 0 0 0 4 4 d 5 1 5 4 5 4 0 4 0 2 5 8 5 6 0 0 0 0
1 0 0 c 0 0 0 4 4 d 5 1 5 4 5 4 0 4 0 2 c 4 c 7 0 0 0 0
1 0 0 d 0 0 0 4 4 d 5 1 5 4 5 4 0 4 0 2 5 5 5 0 0 0 0 1 6 7
1 0 0 c 0 0 0 4 4 d 5 1 5 4 5 4 0 4 0 2 b c 8 9 0 0 0 0
1 0 0 c 0 0 0 4 4 d 5 1 5 4 5 4 0 4 0 2 4 5 b d 0 0 0 0
1 0 0 d 0 0 0 4 4 d 5 1 5 4 5 4 0 4 0 0 5 7 7 f 0 0 0 1 4 5
1 0 0 d 0 0 0 4 4 d 5 1 5 4 5 4 0 4 0 2 2 e f 8 0 0 0 1 6 3
1 0 0 c 0 0 0 4 4 d 5 1 5 4 5 4 0 4 0 2 5 e e 1 0 0 0 0
1 0 0 d 0 0 0 4 4 d 5 1 5 4 5 4 0 4 0 0 8 6 7 8 0 0 0 1 4 9
1 0 0 c 0 0 0 4 4 d 5 1 5 4 5 4 0 4 0 2 e 5 2 e 0 0 0 0
1 0 0 d 0 0 0 4 4 d 5 1 5 4 5 4 0 4 0 2 c 4 4 f 0 0 0 1 6 5
1 0 0 d 0 0 0 4 4 d 5 1 5 4 5 4 0 4 0 0 e 3 d 6 0 0 0 1 5 4
1 0 0 c 0 0 0 4 4 d 5 1 5 4 5 4 0 4 0 0 4 5 9 5 0 0 0 0
1 0 0 d 0 0 0 4 4 d 5 1 5 4 5 4 0 4 0 2 d 2 7 0 0 0 0 1 5 a
1 0 0 d 0 0 0 4 4 d 5 1 5 4 5 4 0 4 0 2 3 f 4 e 0 0 0 1 5 8
1 0 0 d 0 0 0 4 4 d 5 1 5 4 5 4 0 4 0 2 5 5 b a 0 0 0 1 6 c
1 0 0 d 0 0 0 4 4 d 5 1 5 4 5 4 0 4 0 0 9 c f 0 0 0 0 1 7 6
1 0 0 d 0 0 0 4 4 d 5 1 5 4 5 4 0 4 0 2 0 a 7 5 0 0 0 1 4 f
1 0 0 d 0 0 0 4 4 d 5 1 5 4 5 4 0 4 0 0 5 b 3 2 0 0 0 1 6 9
1 0 0 d 0 0 0 4 4 d 5 1 5 4 5 4 0 4 0 2 f 9 2 a 0 0 0 1 7 5
1 0 0 c 0 0 0 4 4 d 5 1 5 4 5 4 0 4 0 2 8 e f 1 0 0 0 0
1 0 0 c 0 0 0 4 4 d 5 1 5 4 5 4 0 4 0 2 4 e 0 b 0 0 0 0
1 0 0 d 0 0 0 4 4 d 5 1 5 4 5 4 0 4 0 2 e 3 c f 0 0 0 1 5 0
1 0 0 c 0 0 0 4 4 d 5 1 5 4 5 4 0 4 0 0 0 5 9 2 0 0 0 0
1 0 0 c 0 0 0 4 4 d 5 1 5 4 5 4 0 4 0 2 7 5 d d 0 0 0 0
1 0 0 c 0 0 0 4 4 d 5 1 5 4 5 4 0 4 0 2 8 4 e 2 0 0 0 0
1 0 0 d 0 0 0 4 4 d 5 1 5 4 5 4 0 4 0 2 8 f 6 1 0 0 0 1 7 5
1 0 0 d 0 0 0 4 4 d 5 1 5 4 5 4 0 4 0 2 e 6 9 1 0 0 0 1 6 f
1 0 0 c 0 0 0 4 4 d 5 1 5 4 5 4 0 4 0 0 2 7 1 5 0 0 0 0
1 0 0 d 0 0 0 4 4 d 5 1 5 4 5 4 0 4 0 2 5 6 a 0 0 0 0 1 5 1
1 0 0 c 0 0 0 4 4 d 5 1 5 4 5 4 0 4 0 0 a 4 9 d 0 0 0 0
1 0 0 c 0 0 0 4 4 d 5 1 5 4 5 4 0 4 0 2 b 6 3 4 0 0 0 0
1 0 0 d 0 0 0 4 4 d 5 1 5 4 5 4 0 4 0 2 0 2 8 e 0 0 0 1 6 2
1 0 0 c 0 0 0 4 4 d 5 1 5 4 5 4 0 4 0 0 5 5 0 5 0 0 0 0
1 0 0 c 0 0 0 4 4 d 5 1 5 4 5 4 0 4 0 0 c f 2 e 0 0 0 0
1 0 0 d 0 0 0 4 4 d 5 1 5 4 5 4 0 4 0 0 0 6 7 1 0 0 0 1 4 1
1 0 0 d 0 0 0 4 4 d 5 1 5 4 5 4 0 4 0 2 7 6 6 2 0 0 0 1 6 1
1 0 0 d 0 0 0 4 4 d 5 1 5 4 5 4 0 4 0 0 0 4 1 f 0 0 0 1 3 6
1 0 0 c 0 0 0 4 4 d 5 1 5 4 5 4 0 4 0 0 1 8 4 0 0 0 0 0
1 0 0 d 0 0 0 4 4 d 5 1 5 4 5 4 0 4 0 0 1 1 3 d 0 0 0 1 6 7
1 0 0 d 0 0 0 4 4 d 5 1 5 4 5 4 0 4 0 0 9 5 d a 0 0 0 1 4 a
1 0 0 c 0 0 0 4 4 d 5 1 5 4 5 4 0 4 0 2 f 0 f e 0 0 0 0
1 0 0 d 0 0 0 4 4 d 5 1 5 4 5 4 0 4 0 0 9 4 8 3 0 0 0 1 4 b
1 0 0 c 0 0 0 4 4 d 5 1 5 4 5 4 0 4 0 0 9 0 5 8 0 0 0 0
1 0 0 d 0 0 0 4 4 d 5 1 5 4 5 4 0 4 0 0 d b 4 7 0 0 0 1 4 6
1 0 0 c 0 0 0 4 4 d 5 1 5 4 5 4 0 4 0 0 d 0 2 e 0 0 0 0
1 0 0 d 0 0 0 4 4 d 5 1 5 4 5 4 0 4 0 0 3 f 7 e 0 0 0 1 3 9
1 0 0 d 0 0 0 4 4 d 5 1 5 4 5 4 0 4 0 2 7 5 c e 0 0 0 1 6 a
1 0 0 d 0 0 0 4 4 d 5 1 5 4 5 4 0 4 0 2 9 2 7 b 0 0 0 1 3 6
1 0 0 d 0 0 0 4 4 d 5 1 5 4 5 4 0 4 0 2 e a 7 e 0 0 0 1 3 9
1 0 0 d 0 0 0 4 4 d 5 1 5 4 5 4 0 4 0 0 7 b 6 3 0 0 0 1 4 2
1 0 0 c 0 0 0 4 4 d 5 1 5 4 5 4 0 4 0 0 5 a 7 d 0 0 0 0
1 0 0 c 0 0 0 4 4 d 5 1 5 4 5 4 0 4 0 2 1 0 6 e 0 0 0 0
1 0 0 c 0 0 0 4 4 d 5 1 5 4 5 4 0 4 0 2 8 9 1 3 0 0 0 0
1 0 0 c 0 0 0 4 4 d 5 1 5 4 5 4 0 4 0 2 e b 3 4 0 0 0 0
1 0 0 d 0 0 0 4 4 d 5 1 5 4 5 4 0 4 0 0 b 8 0 7 0 0 0 1 6 c
1 0 0 c 0 0 0 4 4 d 5 1 5 4 5 4 0 4 0 0 3 b 6 b 0 0 0 0
1 0 0 d 0 0 0 4 4 d 5 1 5 4 5 4 0 4 0 2 1 7 2 7 0 0 0 1 3 8
1 0 0 d 0 0 0 4 4 d 5 1 5 4 5 4 0 4 0 0 d c 8 4 0 0 0 1 3 0
1 0 0 c 0 0 0 4 4 d 5 1 5 4 5 4 0 4 0 0 d 4 5 3 0 0 0 0
1 0 0 c 0 0 0 4 4 d 5 1 5 4 5 4 0 4 0 2 0 1 a 8 0 0 0 0
1 0 0 c 0 0 0 4 4 d 5 1 5 4 5 4 0 4 0 0 8 5 8 3 0 0 0 0
1 0 0 c 0 0 0 4 4 d 5 1 5 4 5 4 0 4 0 2 2 5 9 6 0 0 0 0
1 0 0 d 0 0 0 4 4 d 5 1 5 4 5 4 0 4 0 2 3 8 1 7 0 0 0 1 6 3
1 0 0 d 0 0 0 4 4 d 5 1 5 4 5 4 0 4 0 2 1 f a c 0 0 0 1 7 5
1 0 0 d 0 0 0 4 4 d 5 1 5 4 5 4 0 4 0 0 e 6 f 5 0 0 0 1 5 2
1 0 0 c 0 0 0 4 4 d 5 1 5 4 5 4 0 4 0 0 7 2 c a 0 0 0 0
1 0 0 d 0 0 0 4 4 d 5 1 5 4 5 4 0 4 0 0 8 e 7 a 0 0 0 1 7 5
1 0 0 c 0 0 0 4 4 d 5 1 5 4 5 4 0 4 0 2 8 6 0 3 0 0 0 0
1 0 0 d 0 0 0 4 4 d 5 1 5 4 5 4 0 4 0 0 b 0 b 2 0 0 0 1 5 1
1 0 0 d 0 0 0 4 4 d 5 1 5 4 5 4 0 4 0 2 a 7 0 2 0 0 0 1 4 2
1 0 0 c 0 0 0 4 4 d 5 1 5 4 5 4 0 4 0 0 2 0 4 e 0 0 0 0
1 0 0 d 0 0 0 4 4 d 5 1 5 4 5 4 0 4 0 0 0 b 3 8 0 0 0 1 7 9
1 0 0 d 0 0 0 4 4 d 5 1 5 4 5 4 0 4 0 2 d c 9 4 0 0 0 1 4 c
1 0 0 d 0 0 0 4 4 d 5 1 5 4 5 4 0 4 0 0 7 0 5 f 0 0 0 1 6 7
1 0 0 c 0 0 0 4 4 d 5 1 5 4 5 4 0 4 0 0 d c 8 d 0 0 0 0
1 0 0 d 0 0 0 4 4 d 5 1 5 4 5 4 0 4 0 0 6 7 a d 0 0 0 1 6 6
1 0 0 c 0 0 0 4 4 d 5 1 5 4 5 4 0 4 0 0 d 0 a b 0 0 0 0
1 0 0 c 0 0 0 4 4 d 5 1 5 4 5 4 0 4 0 0 3 1 8 0 0 0 0 0
1 0 0 c 0 0 0 4 4 d 5 1 5 4 5 4 0 4 0 2 c d 7 b 0 0 0 0
1 0 0 c 0 0 0 4 4 d 5 1 5 4 5 4 0 4 0 2 3 7 7 1 0 0 0 0
1 0 0 c 0 0 0 4 4 d 5 1 5 4 5 4 0 4 0 0 3 9 9 e 0 0 0 0
1 0 0 c 0 0 0 4 4 d 5 1 5 4 5 4 0 4 0 2 a 0 6 b 0 0 0 0
1 0 0 d 0 0 0 4 4 d 5 1 5 4 5 4 0 4 0 2 3 b f 7 0 0 0 1 7 8
1 0 0 d 0 0 0 4 4 d 5 1 5 4 5 4 0 4 0 0 4 1 4 d 0 0 0 1 6 b
1 0 0 d 0 0 0 4 4 d 5 1 5 4 5 4 0 4 0 2 a 3 3 a 0 0 0 1 4 7
1 0 0 c 0 0 0 4 4 d 5 1 5 4 5 4 0 4 0 2 b 4 2 f 0 0 0 0
1 0 0 c 0 0 0 4 4 d 5 1 5 4 5 4 0 4 0 2 d c 2 d 0 0 0 0
1 0 0 c 0 0 0 4 4 d 5 1 5 4 5 4 0 4 0 2 a d 0 c 0 0 0 0
1 0 0 d 0 0 0 4 4 d 5 1 5 4 5 4 0 4 0 2 e 8 8 a 0 0 0 1 4 d
1 0 0 c 0 0 0 4 4 d 5 1 5 4 5 4 0 4 0 0 0 b a 1 0 0 0 0
1 0 0 d 0 0 0 4 4 d 5 1 5 4 5 4 0 4 0 2 3 d 1 b 0 0 0 1 3 6
1 0 0 c 0 0 0 4 4 d 5 1 5 4 5 4 0 4 0 2 6 1 a a 0 0 0 0
1 0 0 c 0 0 0 4 4 d 5 1 5 4 5 4 0 4 0 2 8 5 2 e 0 0 0 0
1 0 0 d 0 0 0 4 4 d 5 1 5 4 5 4 0 4 0 2 f 7 4 9 0 0 0 1 5 6
1 0 0 d 0 0 0 4 4 d 5 1 5 4 5 4 0 4 0 0 5 7 1 a 0 0 0 1 6 9
1 0 0 c 0 0 0 4 4 d 5 1 5 4 5 4 0 4 0 2 5 1 5 a 0 0 0 0
1 0 0 d 0 0 0 4 4 d 5 1 5 4 5 4 0 4 0 0 4 c 9 5 0 0 0 1 6 2
1 0 0 c 0 0 0 4 4 d 5 1 5 4 5 4 0 4 0 0 e 7 3 f 0 0 0 0
1 0 0 d 0 0 0 4 4 d 5 1 5 4 5 4 0 4 0 2 9 0 4 b 0 0 0 1 3 1
1 0 0 c 0 0 0 4 4 d 5 1 5 4 5 4 0 4 0 2 f 1 0 2 0 0 0 0
1 0 0 c 0 0 0 4 4 d 5 1 5 4 5 4 0 4 0 2 e c 7 d 0 0 0 0
1 0 0 c 0 0 0 4 4 d 5 1 5 4 5 4 0 4 0 2 3 d f d 0 0 0 0
1 0 0 c 0 0 0 4 4 d 5 1 5 4 5 4 0 4 0 0 c d 4 6 0 0 0 0
1 0 0 d 0 0 0 4 4 d 5 1 5 4 5 4 0 4 0 2 2 0 5 9 0 0 0 1 6 c
1 0 0 d 0 0 0 4 4 d 5 1 5 4 5 4 0 4 0 2 3 b c c 0 0 0 1 5 6
1 0 0 c 0 0 0 4 4 d 5 1 5 4 5 4 0 4 0 0 4 9 0 f 0 0 0 0
1 0 0 c 0 0 0 4 4 d 5 1 5 4 5 4 0 4 0 2 2 f 8 e 0 0 0 0
1 0 0 d 0 0 0 4 4 d 5 1 5 4 5 4 0 4 0 2 d 7 9 2 0 0 0 1 3 4
1 0 0 c 0 0 0 4 4 d 5 1 5 4 5 4 0 4 0 0 d 9 5 6 0 0 0 0
1 0 0 c 0 0 0 4 4 d 5 1 5 4 5 4 0 4 0 2 6 a 2 6 0 0 0 0
1 0 0 c 0 0 0 4 4 d 5 1 5 4 5 4 0 4 0 2 8 8 4 a 0 0 0 0
1 0 0 d 0 0 0 4 4 d 5 1 5 4 5 4 0 4 0 2 e 5 8 c 0 0 0 1 3 1
1 0 0 d 0 0 0 4 4 d 5 1 5 4 5 4 0 4 0 2 7 9 8 9 0 0 0 1 7 0
1 0 0 c 0 0 0 4 4 d 5 1 5 4 5 4 0 4 0 0 9 7 b 8 0 0 0 0
1 0 0 c 0 0 0 4 4 d 5 1 5 4 5 4 0 4 0 0 3 b 1 d 0 0 0 0
1 0 0 d 0 0 0 4 4 d 5 1 5 4 5 4 0 4 0 2 7 d d 0 0 0 0 1 7 0
1 0 0 c 0 0 0 4 4 d 5 1 5 4 5 4 0 4 0 2 e 8 e b 0 0 0 0
1 0 0 c 0 0 0 4 4 d 5 1 5 4 5 4 0 4 0 0 5 7 3 a 0 0 0 0
1 0 0 d 0 0 0 4 4 d 5 1 5 4 5 4 0 4 0 2 f 2 9 8 0 0 0 1 7 1
1 0 0 c 0 0 0 4 4 d 5 1 5 4 5 4 0 4 0 0 b a c 0 0 0 0 0
1 0 0 c 0 0 0 4 4 d 5 1 5 4 5 4 0 4 0 0 b 2 6 6 0 0 0 0
1 0 0 c 0 0 0 4 4 d 5 1 5 4 5 4 0 4 0 2 7 3 e 0 0 0 0 0
1 0 0 c 0 0 0 4 4 d 5 1 5 4 5 4 0 4 0 2 0 7 7 3 0 0 0 0
1 0 0 c 0 0 0 4 4 d 5 1 5 4 5 4 0 4 0 2 c f 8 e 0 0 0 0
1 0 0 c 0 0 0 4 4 d 5 1 5 4 5 4 0 4 0 0 e 3 8 6 0 0 0 0
1 0 0 d 0 0 0 4 4 d 5 1 5 4 5 4 0 4 0 0 4 1 7 e 0 0 0 1 4 b
1 0 0 c 0 0 0 4 4 d 5 1 5 4 5 4 0 4 0 2 a e 0 c 0 0 0 0
1 0 0 c 0 0 0 4 4 d 5 1 5 4 5 4 0 4 0 2 f 6 d 1 0 0 0 0
1 0 0 c 0 0 0 4 4 d 5 1 5 4 5 4 0 4 0 0 4 0 b 1 0 0 0 0
1 0 0 c 0 0 0 4 4 d 5 1 5 4 5 4 0 4 0 0 4 b 2 3 0 0 0 0
1 0 0 c 0 0 0 4 4 d 5 1 5 4 5 4 0 4 0 0 9 2 c d 0 0 0 0
1 0 0 d 0 0 0 4 4 d 5 1 5 4 5 4 0 4 0 0 f e 3 0 0 0 0 1 6 e
1 0 0 d 0 0 0 4 4 d 5 1 5 4 5 4 0 4 0 0 3 e 7 7 0 0 0 1 7 9
1 0 0 d 0 0 0 4 4 d 5 1 5 4 5 4 0 4 0 0 8 c 8 e 0 0 0 1 6 c
1 0 0 d 0 0 0 4 4 d 5 1 5 4 5 4 0 4 0 0 d f 3 6 0 0 0 1 4 6
1 0 0 d 0 0 0 4 4 d 5 1 5 4 5 4 0 4 0 0 1 e a 7 0 0 0 1 6 2
1 0 0 c 0 0 0 4 4 d 5 1 5 4 5 4 0 4 0 0 3 b c f 0 0 0 0
1 0 0 d 0 0 0 4 4 d 5 1 5 4 5 4 0 4 0 2 0 d b 9 0 0 0 1 7 1
1 0 0 d 0 0 0 4 4 d 5 1 5 4 5 4 0 4 0 0 c e 9 9 0 0 0 1 6 e
1 0 0 c 0 0 0 4 4 d 5 1 5 4 5 4 0 4 0 2 c 7 5 4 0 0 0 0
1 0 0 d 0 0 0 4 4 d 5 1 5 4 5 4 0 4 0 2 3 9 f e 0 0 0 1 5 5
1 0 0 c 0 0 0 4 4 d 5 1 5 4 5 4 0 4 0 2 3 c 4 a 0 0 0 0
1 0 0 c 0 0 0 4 4 d 5 1 5 4 5 4 0 4 0 0 b 4 c b 0 0 0 0
1 0 0 c 0 0 0 4 4 d 5 1 5 4 5 4 0 4 0 2 d d 6 d 0 0 0 0
1 0 0 d 0 0 0 4 4 d 5 1 5 4 5 4 0 4 0 0 4 9 9 3 0 0 0 1 5 2
1 0 0 d 0 0 0 4 4 d 5 1 5 4 5 4 0 4 0 0 3 a 9 6 0 0 0 1 6 9
1 0 0 d 0 0 0 4 4 d 5 1 5 4 5 4 0 4 0 2 b d 9 a 0 0 0 1 5 7
1 0 0 d 0 0 0 4 4 d 5 1 5 4 5 4 0 4 0 0 3 1 e 5 0 0 0 1 3 7
1 0 0 d 0 0 0 4 4 d 5 1 5 4 5 4 0 4 0 0 8 5 d 1 0 0 0 1 4 2
1 0 0 d 0 0 0 4 4 d 5 1 5 4 5 4 0 4 0 2 b 1 a d 0 0 0 1 5 5
1 0 0 c 0 0 0 4 4 d 5 1 5 4 5 4 0 4 0 0 2 2 2 a 0 0 0 0
1 0 0 d 0 0 0 4 4 d 5 1 5 4 5 4 0 4 0 0 e d e 7 0 0 0 1 6 9
1 0 0 c 0 0 0 4 4 d 5 1 5 4 5 4 0 4 0 0 6 9 e 9 0 0 0 0
1 0 0 d 0 0 0 4 4 d 5 1 5 4 5 4 0 4 0 2 d 3 5 c 0 0 0 1 4 2
1 0 0 d 0 0 0 4 4 d 5 1 5 4 5 4 0 4 0 0 d 5 c 0 0 0 0 1 3 4
1 0 0 c 0 0 0 4 4 d 5 1 5 4 5 4 0 4 0 2 6 2 8 3 0 0 0 0
1 0 0 d 0 0 0 4 4 d 5 1 5 4 5 4 0 4 0 0 c 0 8 7 0 0 0 1 5 1
1 0 0 d 0 0 0 4 4 d 5 1 5 4 5 4 0 4 0 0 2 1 4 3 0 0 0 1 7 8
1 0 0 d 0 0 0 4 4 d 5 1 5 4 5 4 0 4 0 2 0 e b f 0 0 0 1 7 3
1 0 0 d 0 0 0 4 4 d 5 1 5 4 5 4 0 4 0 2 0 5 4 1 0 0 0 1 6 c
1 0 0 c 0 0 0 4 4 d 5 1 5 4 5 4 0 4 0 0 f 5 2 1 0 0 0 0
1 0 0 d 0 0 0 4 4 d 5 1 5 4 5 4 0 4 0 0 c 3 2 c 0 0 0 1 4 5
1 0 0 c 0 0 0 4 4 d 5 1 5 4 5 4 0 4 0 2 9 1 2 5 0 0 0 0
1 0 0 c 0 0 0 4 4 d 5 1 5 4 5 4 0 4 0 0 b 1 8 7 0 0 0 0
1 0 0 d 0 0 0 4 4 d 5 1 5 4 5 4 0 4 0 0 e 0 8 e 0 0 0 1 5 a
1 0 0 d 0 0 0 4 4 d 5 1 5 4 5 4 0 4 0 0 2 d 9 5 0 0 0 1 7 3
1 0 0 d 0 0 0 4 4 d 5 1 5 4 5 4 0 4 0 0 3 f 2 b 0 0 0 1 5 1
1 0 0 d 0 0 0 4 4 d 5 1 5 4 5 4 0 4 0 2 f c 6 2 0 0 0 1 7 5
1 0 0 d 0 0 0 4 4 d 5 1 5 4 5 4 0 4 0 2 1 6 c 2 0 0 0 1 4 e
1 0 0 d 0 0 0 4 4 d 5 1 5 4 5 4 0 4 0 0 3 8 2 7 0 0 0 1 4 f
1 0 0 c 0 0 0 4 4 d 5 1 5 4 5 4 0 4 0 0 e 7 6 4 0 0 0 0
1 0 0 c 0 0 0 4 4 d 5 1 5 4 5 4 0 4 0 2 f 6 6 7 0 0 0 0
1 0 0 d 0 0 0 4 4 d 5 1 5 4 5 4 0 4 0 0 c 8 b 2 0 0 0 1 4 2
1 0 0 c 0 0 0 4 4 d 5 1 5 4 5 4 0 4 0 0 2 2 e b 0 0 0 0
1 0 0 d 0 0 0 4 4 d 5 1 5 4 5 4 0 4 0 0 0 c e d 0 0 0 1 6 7
1 0 0 d 0 0 0 4 4 d 5 1 5 4 5 4 0 4 0 2 5 1 0 2 0 0 0 1 4 8
1 0 0 c 0 0 0 4 4 d 5 1 5 4 5 4 0 4 0 0 1 4 9 3 0 0 0 0
1 0 0 c 0 0 0 4 4 d 5 1 5 4 5 4 0 4 0 0 f c 2 7 0 0 0 0
1 0 0 c 0 0 0 4 4 d 5 1 5 4 5 4 0 4 0 2 4 1 4 d 0 0 0 0
1 0 0 c 0 0 0 4 4 d 5 1 5 4 5 4 0 4 0 2 5 6 4 9 0 0 0 0
1 0 0 d 0 0 0 4 4 d 5 1 5 4 5 4 0 4 0 0 c 6 b 4 0 0 0 1 4 f
1 0 0 d 0 0 0 4 4 d 5 1 5 4 5 4 0 4 0 0 8 c 3 0 0 0 0 1 7 4
1 0 0 c 0 0 0 4 4 d 5 1 5 4 5 4 0 4 0 2 7 0 3 c 0 0 0 0
1 0 0 c 0 0 0 4 4 d 5 1 5 4 5 4 0 4 0 2 2 5 6 9 0 0 0 0
1 0 0 c 0 0 0 4 4 d 5 1 5 4 5 4 0 4 0 2 d f 8 2 0 0 0 0
1 0 0 c 0 0 0 4 4 d 5 1 5 4 5 4 0 4 0 0 7 8 5 0 0 0 0 0
1 0 0 d 0 0 0 4 4 d 5 1 5 4 5 4 0 4 0 2 3 6 d 7 0 0 0 1 5 3
1 0 0 d 0 0 0 4 4 d 5 1 5 4 5 4 0 4 0 2 6 9 6 0 0 0 0 1 6 e
1 0 0 c 0 0 0 4 4 d 5 1 5 4 5 4 0 4 0 0 5 a c f 0 0 0 0
1 0 0 c 0 0 0 4 4 d 5 1 5 4 5 4 0 4 0 0 9 1 4 d 0 0 0 0
1 0 0 c 0 0 0 4 4 d 5 1 5 4 5 4 0 4 0 2 f b d a 0 0 0 0
1 0 0 c 0 0 0 4 4 d 5 1 5 4 5 4 0 4 0 0 0 a 0 5 0 0 0 0
1 0 0 d 0 0 0 4 4 d 5 1 5 4 5 4 0 4 0 2 3 0 3 8 0 0 0 1 6 5
1 0 0 d 0 0 0 4 4 d 5 1 5 4 5 4 0 4 0 0 d 7 1 5 0 0 0 1 7 1
1 0 0 d 0 0 0 4 4 d 5 1 5 4 5 4 0 4 0 2 b 4 c 6 0 0 0 1 5 4
1 0 0 d 0 0 0 4 4 d 5 1 5 4 5 4 0 5 0 0 1 c 7 2 0 0 0 0 0 0
1 0 0 c 0 0 0 4 4 d 5 1 5 4 5 4 0 4 0 0 5 7 0 c 0 0 0 0
1 0 0 d 0 0 0 4 4 d 5 1 5 4 5 4 0 4 0 0 7 7 1 6 0 0 0 1 3 2
1 0 0 c 0 0 0 4 4 d 5 1 5 4 5 4 0 4 0 0 9 0 d a 0 0 0 0
1 0 0 d 0 0 0 4 4 d 5 1 5 4 5 4 0 4 0 0 1 b d 8 0 0 0 1 3 6
1 0 0 c 0 0 0 4 4 d 5 1 5 4 5 4 0 4 0 2 8 5 a d 0 0 0 0
1 0 0 d 0 0 0 4 4 d 5 1 5 4 5 4 0 4 0 0 5 6 0 9 0 0 0 1 7 2
1 0 0 c 0 0 0 4 4 d 5 1 5 4 5 4 0 4 0 2 4 d 8 e 0 0 0 0
1 0 0 d 0 0 0 4 4 d 5 1 5 4 5 4 0 4 0 0 c b c 0 0 0 0 1 4 6
1 0 0 d 0 0 0 4 4 d 5 1 5 4 5 4 0 4 0 2 e 4 a 4 0 0 0 1 4 7
1 0 0 c 0 0 0 4 4 d 5 1 5 4 5 4 0 4 0 0 f 5 5 4 0 0 0 0
1 0 0 c 0 0 0 4 4 d 5 1 5 4 5 4 0 4 0 2 c f d 3 0 0 0 0
1 0 0 c 0 0 0 4 4 d 5 1 5 4 5 4 0 4 0 2 b 2 7 a 0 0 0 0
1 0 0 d 0 0 0 4 4 d 5 1 5 4 5 4 0 4 0 0 5 3 6 b 0 0 0 1 7 2
1 0 0 d 0 0 0 4 4 d 5 1 5 4 5 4 0 4 0 0 5 9 a 0 0 0 0 1 4 b
1 0 0 c 0 0 0 4 4 d 5 1 5 4 5 4 0 4 0 0 2 a 7 3 0 0 0 0
1 0 0 d 0 0 0 4 4 d 5 1 5 4 5 4 0 4 0 0 6 1 8 1 0 0 0 1 4 2
1 0 0 c 0 0 0 4 4 d 5 1 5 4 5 4 0 4 0 2 5 4 8 0 0 0 0 0
1 0 0 d 0 0 0 4 4 d 5 1 5 4 5 4 0 4 0 2 d e e 7 0 0 0 1 3 5
1 0 0 d 0 0 0 4 4 d 5 1 5 4 5 4 0 4 0 2 d 7 4 3 0 0 0 1 6 5
1 0 0 d 0 0 0 4 4 d 5 1 5 4 5 4 0 4 0 2 7 0 9 a 0 0 0 1 7 a
1 0 0 c 0 0 0 4 4 d 5 1 5 4 5 4 0 4 0 0 d 5 c 3 0 0 0 0
1 0 0 d 0 0 0 4 4 d 5 1 5 4 5 4 0 4 0 2 6 1 d c 0 0 0 1 4 4
1 0 0 d 0 0 0 4 4 d 5 1 5 4 5 4 0 4 0 2 6 2 f 0 0 0 0 1 7 0
1 0 0 c 0 0 0 4 4 d 5 1 5 4 5 4 0 4 0 0 c 2 2 6 0 0 0 0
1 0 0 d 0 0 0 4 4 d 5 1 5 4 5 4 0 4 0 0 d a 6 1 0 0 0 1 3 8
1 0 0 c 0 0 0 4 4 d 5 1 5 4 5 4 0 4 0 2 4 3 5 9 0 0 0 0
1 0 0 d 0 0 0 4 4 d 5 1 5 4 5 4 0 4 0 0 9 3 9 2 0 0 0 1 4 7
1 0 0 d 0 0 0 4 4 d 5 1 5 4 5 4 0 4 0 0 0 7 3 8 0 0 0 1 7 2
1 0 0 d 0 0 0 4 4 d 5 1 5 4 5 4 0 4 0 2 b d c c 0 0 0 1 6 7
1 0 0 d 0 0 0 4 4 d 5 1 5 4 5 4 0 4 0 0 d f 2 1 0 0 0 1 4 f
1 0 0 d 0 0 0 4 4 d 5 1 5 4 5 4 0 4 0 0 3 2 8 5 0 0 0 1 4 4
1 0 0 d 0 0 0 4 4 d 5 1 5 4 5 4 0 4 0 2 9 b c 6 0 0 0 1 5 a
1 0 0 d 0 0 0 4 4 d 5 1 5 4 5 4 0 4 0 2 6 1 2 f 0 0 0 1 7 a
1 0 0 d 0 0 0 4 4 d 5 1 5 4 5 4 0 4 0 0 1 8 6 7 0 0 0 1 7 a
1 0 0 d 0 0 0 4 4 d 5 1 5 4 5 4 0 4 0 0 8 4 4 0 0 0 0 1 6 b
1 0 0 d 0 0 0 4 4 d 5 1 5 4 5 4 0 4 0 2 6 9 4 d 0 0 0 1 4 b
1 0 0 c 0 0 0 4 4 d 5 1 5 4 5 4 0 4 0 2 c 9 7 6 0 0 0 0
1 0 0 c 0 0 0 4 4 d 5 1 5 4 5 4 0 4 0 0 4 f 1 e 0 0 0 0
1 0 0 d 0 0 0 4 4 d 5 1 5 4 5 4 0 4 0 0 9 2 2 8 0 0 0 1 6 7
1 0 0 c 0 0 0 4 4 d 5 1 5 4 5 4 0 4 0 0 d 1 6 2 0 0 0 0
1 0 0 c 0 0 0 4 4 d 5 1 5 4 5 4 0 4 0 2 2 9 0 6 0 0 0 0
1 0 0 c 0 0 0 4 4 d 5 1 5 4 5 4 0 4 0 0 9 7 3 a 0 0 0 0
1 0 0 c 0 0 0 4 4 d 5 1 5 4 5 4 0 4 0 2 3 b 5 3 0 0 0 0
1 0 0 c 0 0 0 4 4 d 5 1 5 4 5 4 0 4 0 0 1 c 0 b 0 0 0 0
1 0 0 d 0 0 0 4 4 d 5 1 5 4 5 4 0 4 0 2 4 3 c 5 0 0 0 1 6 b
1 0 0 d 0 0 0 4 4 d 5 1 5 4 5 4 0 4 0 0 6 c 3 e 0 0 0 1 4 7
1 0 0 c 0 0 0 4 4 d 5 1 5 4 5 4 0 4 0 2 2 2 5 4 0 0 0 0
1 0 0 c 0 0 0 4 4 d 5 1 5 4 5 4 0 4 0 0 1 6 a c 0 0 0 0
1 0 0 c 0 0 0 4 4 d 5 1 5 4 5 4 0 4 0 0 4 5 2 7 0 0 0 0
1 0 0 c 0 0 0 4 4 d 5 1 5 4 5 4 0 4 0 2 b f 8 3 0 0 0 0
1 0 0 d 0 0 0 4 4 d 5 1 5 4 5 4 0 4 0 2 4 c 3 3 0 0 0 1 6 9
1 0 0 c 0 0 0 4 4 d 5 1 5 4 5 4 0 4 0 2 e a 0 3 0 0 0 0
1 0 0 d 0 0 0 4 4 d 5 1 5 4 5 4 0 4 0 2 7 6 d 9 0 0 0 1 3 4
1 0 0 c 0 0 0 4 4 d 5 1 5 4 5 4 0 4 0 2 0 0 c f 0 0 0 0
1 0 0 d 0 0 0 4 4 d 5 1 5 4 5 4 0 4 0 0 6 c 7 d 0 0 0 1 6 2
1 0 0 c 0 0 0 4 4 d 5 1 5 4 5 4 0 4 0 2 b f 8 1 0 0 0 0
1 0 0 d 0 0 0 4 4 d 5 1 5 4 5 4 0 4 0 2 6 9 4 6 0 0 0 1 7 1
1 0 0 d 0 0 0 4 4 d 5 1 5 4 5 4 0 4 0 0 2 b 4 d 0 0 0 1 4 d
1 0 0 d 0 0 0 4 4 d 5 1 5 4 5 4 0 4 0 0 c 4 7 f 0 0 0 1 3 5
1 0 0 d 0 0 0 4 4 d 5 1 5 4 5 4 0 4 0 2 2 3 2 2 0 0 0 1 7 3
1 0 0 d 0 0 0 4 4 d 5 1 5 4 5 4 0 4 0 2 b 8 5 e 0 0 0 1 3 5
1 0 0 d 0 0 0 4 4 d 5 1 5 4 5 4 0 4 0 2 8 6 8 9 0 0 0 1 5 3
1 0 0 d 0 0 0 4 4 d 5 1 5 4 5 4 0 4 0 2 d 2 d 8 0 0 0 1 4 d
1 0 0 c 0 0 0 4 4 d 5 1 5 4 5 4 0 4 0 2 e b b 2 0 0 0 0
1 0 0 d 0 0 0 4 4 d 5 1 5 4 5 4 0 4 0 2 7 4 e c 0 0 0 1 7 3
1 0 0 d 0 0 0 4 4 d 5 1 5 4 5 4 0 4 0 2 9 f 2 7 0 0 0 1 4 b
1 0 0 c 0 0 0 4 4 d 5 1 5 4 5 4 0 4 0 2 7 f d e 0 0 0 0
1 0 0 d 0 0 0 4 4 d 5 1 5 4 5 4 0 4 0 2 e 9 9 c 0 0 0 1 4 f
1 0 0 d 0 0 0 4 4 d 5 1 5 4 5 4 0 4 0 2 8 0 5 c 0 0 0 1 4 4
1 0 0 d 0 0 0 4 4 d 5 1 5 4 5 4 0 4 0 2 b 4 2 e 0 0 0 1 7 4
1 0 0 c 0 0 0 4 4 d 5 1 5 4 5 4 0 4 0 2 5 f d 9 0 0 0 0
1 0 0 d 0 0 0 4 4 d 5 1 5 4 5 4 0 4 0 0 0 6 1 b 0 0 0 1 4 c
1 0 0 c 0 0 0 4 4 d 5 1 5 4 5 4 0 4 0 0 c a 9 7 0 0 0 0
1 0 0 c 0 0 0 4 4 d 5 1 5 4 5 4 0 4 0 0 2 b d d 0 0 0 0
1 0 0 d 0 0 0 4 4 d 5 1 5 4 5 4 0 4 0 2 9 3 7 a 0 0 0 1 6 7
1 0 0 d 0 0 0 4 4 d 5 1 5 4 5 4 0 4 0 2 d b 1 0 0 0 0 1 4 3
1 0 0 c 0 0 0 4 4 d 5 1 5 4 5 4 0 4 0 0 6 1 4 5 0 0 0 0
1 0 0 d 0 0 0 4 4 d 5 1 5 4 5 4 0 4 0 2 4 d 4 7 0 0 0 1 7 5
1 0 0 c 0 0 0 4 4 d 5 1 5 4 5 4 0 4 0 0 3 6 0 8 0 0 0 0
1 0 0 c 0 0 0 4 4 d 5 1 5 4 5 4 0 4 0 0 d 5 5 a 0 0 0 0
1 0 0 d 0 0 0 4 4 d 5 1 5 4 5 4 0 4 0 0 a 0 c 4 0 0 0 1 6 4
1 0 0 d 0 0 0 4 4 d 5 1 5 4 5 4 0 4 0 0 0 9 7 4 0 0 0 1 4 d
1 0 0 c 0 0 0 4 4 d 5 1 5 4 5 4 0 4 0 2 4 2 2 c 0 0 0 0
1 0 0 d 0 0 0 4 4 d 5 1 5 4 5 4 0 4 0 0 4 b d 1 0 0 0 1 7 9
1 0 0 c 0 0 0 4 4 d 5 1 5 4 5 4 0 4 0 2 d 2 3 9 0 0 0 0
1 0 0 d 0 0 0 4 4 d 5 1 5 4 5 4 0 4 0 2 b 9 d 9 0 0 0 1 5 8
1 0 0 c 0 0 0 4 4 d 5 1 5 4 5 4 0 4 0 0 a d 0 3 0 0 0 0
1 0 0 c 0 0 0 4 4 d 5 1 5 4 5 4 0 4 0 2 b f 4 8 0 0 0 0
1 0 0 d 0 0 0 4 4 d 5 1 5 4 5 4 0 4 0 0 0 5 c 5 0 0 0 1 5 6
1 0 0 d 0 0 0 4 4 d 5 1 5 4 5 4 0 4 0 0 2 2 0 d 0 0 0 1 3 6
1 0 0 d 0 0 0 4 4 d 5 1 5 4 5 4 0 4 0 2 e d 1 7 0 0 0 1 4 4
1 0 0 d 0 0 0 4 4 d 5 1 5 4 5 4 0 4 0 0 5 d c 4 0 0 0 1 7 4
1 0 0 c 0 0 0 4 4 d 5 1 5 4 5 4 0 4 0 0 c d 4 d 0 0 0 0
1 0 0 c 0 0 0 4 4 d 5 1 5 4 5 4 0 4 0 0 f b 1 5 0 0 0 0
1 0 0 c 0 0 0 4 4 d 5 1 5 4 5 4 0 4 0 2 8 7 1 2 0 0 0 0
1 0 0 c 0 0 0 4 4 d 5 1 5 4 5 4 0 4 0 2 1 3 7 1 0 0 0 0
1 0 0 d 0 0 0 4 4 d 5 1 5 4 5 4 0 4 0 0 3 c 3 d 0 0 0 1 6 f
1 0 0 d 0 0 0 4 4 d 5 1 5 4 5 4 0 4 0 2 3 4 b 7 0 0 0 1 4 a
1 0 0 c 0 0 0 4 4 d 5 1 5 4 5 4 0 4 0 2 a 2 b f 0 0 0 0
1 0 0 d 0 0 0 4 4 d 5 1 5 4 5 4 0 4 0 2 5 3 7 9 0 0 0 1 4 8
1 0 0 d 0 0 0 4 4 d 5 1 5 4 5 4 0 4 0 0 b 3 1 d 0 0 0 1 4 d
1 0 0 d 0 0 0 4 4 d 5 1 5 4 5 4 0 4 0 0 e 3 b e 0 0 0 1 4 f
1 0 0 d 0 0 0 4 4 d 5 1 5 4 5 4 0 4 0 0 2 9 2 3 0 0 0 1 4 a
1 0 0 d 0 0 0 4 4 d 5 1 5 4 5 4 0 4 0 2 7 a 6 d 0 0 0 1 6 3
1 0 0 c 0 0 0 4 4 d 5 1 5 4 5 4 0 4 0 2 e d 4 f 0 0 0 0
1 0 0 d 0 0 0 4 4 d 5 1 5 4 5 4 0 4 0 0 8 9 8 e 0 0 0 1 5 5
1 0 0 c 0 0 0 4 4 d 5 1 5 4 5 4 0 4 0 0 9 e 2 2 0 0 0 0
1 0 0 c 0 0 0 4 4 d 5 1 5 4 5 4 0 4 0 0 3 a b 2 0 0 0 0
1 0 0 c 0 0 0 4 4 d 5 1 5 4 5 4 0 4 0 0 f 9 a a 0 0 0 0
1 0 0 c 0 0 0 4 4 d 5 1 5 4 5 4 0 4 0 0 4 3 9 a 0 0 0 0
1 0 0 d 0 0 0 4 4 d 5 1 5 4 5 4 0 4 0 2 c b d 2 0 0 0 1 7 1
1 0 0 c 0 0 0 4 4 d 5 1 5 4 5 4 0 4 0 2 d 3 a 0 0 0 0 0
1 0 0 c 0 0 0 4 4 d 5 1 5 4 5 4 0 4 0 0 1 0 b 4 0 0 0 0
1 0 0 c 0 0 0 4 4 d 5 1 5 4 5 4 0 4 0 0 1 2 c 9 0 0 0 0
1 0 0 c 0 0 0 4 4 d 5 1 5 4 5 4 0 4 0 2 5 5 f a 0 0 0 0
1 0 0 d 0 0 0 4 4 d 5 1 5 4 5 4 0 4 0 2 c 4 5 e 0 0 0 1 6 6
1 0 0 c 0 0 0 4 4 d 5 1 5 4 5 4 0 4 0 0 3 2 6 1 0 0 0 0
1 0 0 c 0 0 0 4 4 d 5 1 5 4 5 4 0 4 0 0 9 a 8 7 0 0 0 0
1 0 0 d 0 0 0 4 4 d 5 1 5 4 5 4 0 4 0 2 b 1 1 b 0 0 0 1 6 e
1 0 0 c 0 0 0 4 4 d 5 1 5 4 5 4 0 4 0 0 4 2 8 4 0 0 0 0
1 0 0 d 0 0 0 4 4 d 5 1 5 4 5 4 0 4 0 0 2 0 7 b 0 0 0 1 3 9
1 0 0 c 0 0 0 4 4 d 5 1 5 4 5 4 0 4 0 2 d 8 5 2 0 0 0 0
1 0 0 d 0 0 0 4 4 d 5 1 5 4 5 4 0 4 0 0 2 6 e a 0 0 0 1 3 5
1 0 0 c 0 0 0 4 4 d 5 1 5 4 5 4 0 4 0 2 2 c c d 0 0 0 0
1 0 0 c 0 0 0 4 4 d 5 1 5 4 5 4 0 4 0 2 f e d e 0 0 0 0
1 0 0 d 0 0 0 4 4 d 5 1 5 4 5 4 0 4 0 0 0 c 8 b 0 0 0 1 5 8
1 0 0 c 0 0 0 4 4 d 5 1 5 4 5 4 0 4 0 2 f 3 1 3 0 0 0 0
1 0 0 c 0 0 0 4 4 d 5 1 5 4 5 4 0 4 0 2 6 2 c 1 0 0 0 0
1 0 0 d 0 0 0 4 4 d 5 1 5 4 5 4 0 4 0 2 a 9 0 f 0 0 0 1 6 4
1 0 0 c 0 0 0 4 4 d 5 1 5 4 5 4 0 4 0 0 4 b 4 9 0 0 0 0
1 0 0 d 0 0 0 4 4 d 5 1 5 4 5 4 0 4 0 0 b f 6 4 0 0 0 1 3 9
1 0 0 d 0 0 0 4 4 d 5 1 5 4 5 4 0 4 0 2 e e d 5 0 0 0 1 6 1
1 0 0 d 0 0 0 4 4 d 5 1 5 4 5 4 0 4 0 0 8 e 3 0 0 0 0 1 6 5
1 0 0 d 0 0 0 4 4 d 5 1 5 4 5 4 0 4 0 0 7 c b 4 0 0 0 1 4 6
1 0 0 c 0 0 0 4 4 d 5 1 5 4 5 4 0 4 0 0 6 d 8 a 0 0 0 0
1 0 0 d 0 0 0 4 4 d 5 1 5 4 5 4 0 4 0 0 5 0 0 f 0 0 0 1 5 7
1 0 0 d 0 0 0 4 4 d 5 1 5 4 5 4 0 4 0 0 1 1 8 e 0 0 0 1 4 1
1 0 0 c 0 0 0 4 4 d 5 1 5 4 5 4 0 4 0 0 3 2 9 0 0 0 0 0
1 0 0 d 0 0 0 4 4 d 5 1 5 4 5 4 0 4 0 0 f 6 0 8 0 0 0 1 3 7
1 0 0 c 0 0 0 4 4 d 5 1 5 4 5 4 0 4 0 0 9 9 d 4 0 0 0 0
1 0 0 c 0 0 0 4 4 d 5 1 5 4 5 4 0 4 0 2 5 0 4 d 0 0 0 0
1 0 0 c 0 0 0 4 4 d 5 1 5 4 5 4 0 4 0 2 5 1 2 3 0 0 0 0
1 0 0 c 0 0 0 4 4 d 5 1 5 4 5 4 0 4 0 2 6 4 4 7 0 0 0 0
1 0 0 c 0 0 0 4 4 d 5 1 5 4 5 4 0 4 0 2 4 5 9 d 0 0 0 0
1 0 0 d 0 0 0 4 4 d 5 1 5 4 5 4 0 4 0 2 8 8 a a 0 0 0 1 4 4
1 0 0 c 0 0 0 4 4 d 5 1 5 4 5 4 0 4 0 0 f e 7 1 0 0 0 0
1 0 0 d 0 0 0 4 4 d 5 1 5 4 5 4 0 4 0 0 c 8 1 2 0 0 0 1 3 2
1 0 0 d 0 0 0 4 4 d 5 1 5 4 5 4 0 4 0 0 2 c 6 9 0 0 0 1 3 0
1 0 0 d 0 0 0 4 4 d 5 1 5 4 5 4 0 4 0 2 c 2 b a 0 0 0 1 7 a
1 0 0 d 0 0 0 4 4 d 5 1 5 4 5 4 0 4 0 2 3 a f c 0 0 0 1 4 9
1 0 0 d 0 0 0 4 4 d 5 1 5 4 5 4 0 4 0 2 1 c e 6 0 0 0 1 3 5
1 0 0 c 0 0 0 4 4 d 5 1 5 4 5 4 0 4 0 0 e 7 e 1 0 0 0 0
1 0 0 d 0 0 0 4 4 d 5 1 5 4 5 4 0 4 0 2 8 f 6 7 0 0 0 1 6 e
1 0 0 c 0 0 0 4 4 d 5 1 5 4 5 4 0 4 0 0 b f 4 c 0 0 0 0
1 0 0 d 0 0 0 4 4 d 5 1 5 4 5 4 0 4 0 2 8 d 8 3 0 0 0 1 5 2
1 0 0 d 0 0 0 4 4 d 5 1 5 4 5 4 0 4 0 2 1 d 3 a 0 0 0 1 5 7
1 0 0 c 0 0 0 4 4 d 5 1 5 4 5 4 0 4 0 0 2 1 1 8 0 0 0 0
1 0 0 d 0 0 0 4 4 d 5 1 5 4 5 4 0 4 0 0 9 2 6 9 0 0 0 1 6 c
1 0 0 d 0 0 0 4 4 d 5 1 5 4 5 4 0 4 0 2 4 e 3 9 0 0 0 1 4 c
1 0 0 c 0 0 0 4 4 d 5 1 5 4 5 4 0 4 0 2 d 1 9 e 0 0 0 0
1 0 0 c 0 0 0 4 4 d 5 1 5 4 5 4 0 4 0 0 8 7 2 e 0 0 0 0
1 0 0 c 0 0 0 4 4 d 5 1 5 4 5 4 0 4 0 0 7 2 c 9 0 0 0 0
1 0 0 d 0 0 0 4 4 d 5 1 5 4 5 4 0 4 0 0 a f 4 b 0 0 0 1 4 c
1 0 0 d 0 0 0 4 4 d 5 1 5 4 5 4 0 4 0 0 d 4 5 d 0 0 0 1 5 4
1 0 0 c 0 0 0 4 4 d 5 1 5 4 5 4 0 4 0 2 7 8 d 8 0 0 0 0
1 0 0 c 0 0 0 4 4 d 5 1 5 4 5 4 0 4 0 2 e 7 1 0 0 0 0 0
1 0 0 c 0 0 0 4 4 d 5 1 5 4 5 4 0 4 0 2 9 a 2 5 0 0 0 0
1 0 0 d 0 0 0 4 4 d 5 1 5 4 5 4 0 4 0 2 f f f 8 0 0 0 1 3 0
1 0 0 c 0 0 0 4 4 d 5 1 5 4 5 4 0 4 0 2 2 e 6 e 0 0 0 0
1 0 0 c 0 0 0 4 4 d 5 1 5 4 5 4 0 4 0 2 4 b 3 e 0 0 0 0
1 0 0 d 0 0 0 4 4 d 5 1 5 4 5 4 0 4 0 0 9 3 f f 0 0 0 1 4 8
1 0 0 c 0 0 0 4 4 d 5 1 5 4 5 4 0 4 0 2 2 1 e f 0 0 0 0
1 0 0 d 0 0 0 4 4 d 5 1 5 4 5 4 0 4 0 2 f 0 5 3 0 0 0 1 5 5
1 0 0 d 0 0 0 4 4 d 5 1 5 4 5 4 0 4 0 0 5 b 0 d 0 0 0 1 6 a
1 0 0 c 0 0 0 4 4 d 5 1 5 4 5 4 0 4 0 2 a b 0 c 0 0 0 0
1 0 0 d 0 0 0 4 4 d 5 1 5 4 5 4 0 4 0 2 8 f 1 2 0 0 0 1 6 7
1 0 0 d 0 0 0 4 4 d 5 1 5 4 5 4 0 4 0 0 1 d e 5 0 0 0 1 6 b
1 0 0 c 0 0 0 4 4 d 5 1 5 4 5 4 0 4 0 2 3 f 8 e 0 0 0 0
1 0 0 c 0 0 0 4 4 d 5 1 5 4 5 4 0 4 0 2 6 e f 5 0 0 0 0
1 0 0 c 0 0 0 4 4 d 5 1 5 4 5 4 0 4 0 2 a 0 1 8 0 0 0 0
1 0 0 d 0 0 0 4 4 d 5 1 5 4 5 4 0 4 0 0 8 1 3 8 0 0 0 1 6 8
1 0 0 d 0 0 0 4 4 d 5 1 5 4 5 4 0 4 0 0 a 9 7 1 0 0 0 1 5 1
1 0 0 c 0 0 0 4 4 d 5 1 5 4 5 4 0 4 0 2 5 5 4 6 0 0 0 0
1 0 0 c 0 0 0 4 4 d 5 1 5 4 5 4 0 4 0 2 3 4 f a 0 0 0 0
1 0 0 d 0 0 0 4 4 d 5 1 5 4 5 4 0 4 0 0 a 3 f 6 0 0 0 1 4 2
1 0 0 d 0 0 0 4 4 d 5 1 5 4 5 4 0 4 0 0 7 3 f 4 0 0 0 1 4 3
1 0 0 d 0 0 0 4 4 d 5 1 5 4 5 4 0 4 0 2 f 7 9 5 0 0 0 1 5 5
1 0 0 c 0 0 0 4 4 d 5 1 5 4 5 4 0 4 0 2 4 5 b 4 0 0 0 0
1 0 0 d 0 0 0 4 4 d 5 1 5 4 5 4 0 4 0 2 e 2 8 d 0 0 0 1 4 e
1 0 0 c 0 0 0 4 4 d 5 1 5 4 5 4 0 4 0 2 7 2 4 0 0 0 0 0
1 0 0 c 0 0 0 4 4 d 5 1 5 4 5 4 0 4 0 2 2 c d f 0 0 0 0
1 0 0 d 0 0 0 4 4 d 5 1 5 4 5 4 0 4 0 0 2 f 0 2 0 0 0 1 4 f
1 0 0 c 0 0 0 4 4 d 5 1 5 4 5 4 0 4 0 0 4 a 6 0 0 0 0 0
1 0 0 c 0 0 0 4 4 d 5 1 5 4 5 4 0 4 0 0 2 e 9 a 0 0 0 0
1 0 0 c 0 0 0 4 4 d 5 1 5 4 5 4 0 4 0 0 6 2 7 7 0 0 0 0
1 0 0 c 0 0 0 4 4 d 5 1 5 4 5 4 0 4 0 0 6 8 9 e 0 0 0 0
1 0 0 c 0 0 0 4 4 d 5 1 5 4 5 4 0 4 0 0 f 6 e 0 0 0 0 0
1 0 0 c 0 0 0 4 4 d 5 1 5 4 5 4 0 4 0 2 a e 9 3 0 0 0 0
1 0 0 d 0 0 0 4 4 d 5 1 5 4 5 4 0 4 0 2 1 5 c 4 0 0 0 1 4 8
1 0 0 d 0 0 0 4 4 d 5 1 5 4 5 4 0 4 0 2 c f 3 8 0 0 0 1 5 7
1 0 0 d 0 0 0 4 4 d 5 1 5 4 5 4 0 4 0 0 d c 6 c 0 0 0 1 5 2
1 0 0 d 0 0 0 4 4 d 5 1 5 4 5 4 0 4 0 2 5 b 1 5 0 0 0 1 4 c
1 0 0 c 0 0 0 4 4 d 5 1 5 4 5 4 0 4 0 2 8 6 0 c 0 0 0 0
1 0 0 d 0 0 0 4 4 d 5 1 5 4 5 4 0 4 0 2 8 d d 4 0 0 0 1 6 3
1 0 0 d 0 0 0 4 4 d 5 1 5 4 5 4 0 4 0 2 2 f b 0 0 0 0 1 3 4
1 0 0 c 0 0 0 4 4 d 5 1 5 4 5 4 0 4 0 2 c 2 5 c 0 0 0 0
1 0 0 c 0 0 0 4 4 d 5 1 5 4 5 4 0 4 0 2 d 9 b 5 0 0 0 0
1 0 0 c 0 0 0 4 4 d 5 1 5 4 5 4 0 4 0 0 9 c 7 6 0 0 0 0
1 0 0 d 0 0 0 4 4 d 5 1 5 4 5 4 0 4 0 0 5 6 3 a 0 0 0 1 7 9
1 0 0 c 0 0 0 4 4 d 5 1 5 4 5 4 0 4 0 0 6 7 3 3 0 0 0 0
1 0 0 d 0 0 0 4 4 d 5 1 5 4 5 4 0 4 0 2 0 8 7 6 0 0 0 1 3 3
1 0 0 d 0 0 0 4 4 d 5 1 5 4 5 4 0 4 0 2 9 e d 9 0 0 0 1 7 6
1 0 0 d 0 0 0 4 4 d 5 1 5 4 5 4 0 4 0 0 0 a 0 5 0 0 0 1 6 9
1 0 0 d 0 0 0 4 4 d 5 1 5 4 5 4 0 4 0 2 e c 0 d 0 0 0 1 3 7
1 0 0 d 0 0 0 4 4 d 5 1 5 4 5 4 0 4 0 2 d 8 2 3 0 0 0 1 7 a
1 0 0 d 0 0 0 4 4 d 5 1 5 4 5 4 0 4 0 0 b c 6 2 0 0 0 1 5 6
1 0 0 c 0 0 0 4 4 d 5 1 5 4 5 4 0 4 0 2 a d 5 0 0 0 0 0
1 0 0 c 0 0 0 4 4 d 5 1 5 4 5 4 0 4 0 0 2 d 2 e 0 0 0 0
1 0 0 d 0 0 0 4 4 d 5 1 5 4 5 4 0 4 0 0 7 8 8 0 0 0 0 1 3 3
1 0 0 d 0 0 0 4 4 d 5 1 5 4 5 4 0 4 0 0 8 6 2 7 0 0 0 1 5 a
1 0 0 c 0 0 0 4 4 d 5 1 5 4 5 4 0 4 0 0 2 b d 9 0 0 0 0
1 0 0 c 0 0 0 4 4 d 5 1 5 4 5 4 0 4 0 0 a 3 7 6 0 0 0 0
1 0 0 c 0 0 0 4 4 d 5 1 5 4 5 4 0 4 0 0 f 2 2 f 0 0 0 0
1 0 0 d 0 0 0 4 4 d 5 1 5 4 5 4 0 4 0 0 c a 6 5 0 0 0 1 6 7
1 0 0 c 0 0 0 4 4 d 5 1 5 4 5 4 0 4 0 2 0 6 0 9 0 0 0 0
1 0 0 c 0 0 0 4 4 d 5 1 5 4 5 4 0 4 0 2 e c c 0 0 0 0 0
1 0 0 d 0 0 0 4 4 d 5 1 5 4 5 4 0 4 0 0 5 e a 0 0 0 0 1 6 c
1 0 0 d 0 0 0 4 4 d 5 1 5 4 5 4 0 4 0 2 c c 8 d 0 0 0 1 4 5
1 0 0 c 0 0 0 4 4 d 5 1 5 4 5 4 0 4 0 2 b b 2 c 0 0 0 0
1 0 0 d 0 0 0 4 4 d 5 1 5 4 5 4 0 4 0 0 4 5 3 d 0 0 0 1 5 4
1 0 0 d 0 0 0 4 4 d 5 1 5 4 5 4 0 4 0 0 8 5 c c 0 0 0 1 3 5
1 0 0 d 0 0 0 4 4 d 5 1 5 4 5 4 0 4 0 0 2 3 3 9 0 0 0 1 4 4
1 0 0 d 0 0 0 4 4 d 5 1 5 4 5 4 0 4 0 2 0 0 0 1 0 0 0 1 5 4
1 0 0 c 0 0 0 4 4 d 5 1 5 4 5 4 0 4 0 2 f 5 a 1 0 0 0 0
1 0 0 c 0 0 0 4 4 d 5 1 5 4 5 4 0 4 0 0 8 4 d 6 0 0 0 0
1 0 0 c 0 0 0 4 4 d 5 1 5 4 5 4 0 4 0 0 8 c d 1 0 0 0 0
1 0 0 d 0 0 0 4 4 d 5 1 5 4 5 4 0 4 0 2 a 9 1 b 0 0 0 1 3 6
1 0 0 c 0 0 0 4 4 d 5 1 5 4 5 4 0 4 0 2 4 c 2 8 0 0 0 0
1 0 0 c 0 0 0 4 4 d 5 1 5 4 5 4 0 4 0 0 1 5 d 9 0 0 0 0
1 0 0 d 0 0 0 4 4 d 5 1 5 4 5 4 0 4 0 0 6 4 d f 0 0 0 1 7 7
1 0 0 d 0 0 0 4 4 d 5 1 5 4 5 4 0 4 0 0 0 5 3 a 0 0 0 1 5 0
1 0 0 d 0 0 0 4 4 d 5 1 5 4 5 4 0 4 0 2 8 2 5 c 0 0 0 1 5 2
1 0 0 c 0 0 0 4 4 d 5 1 5 4 5 4 0 4 0 0 9 f e f 0 0 0 0
